313 1450 779 984 1149 325 111 558 313 42 13 127 268 365 543 415 153 819 979 36 13 273 221 419 569 351 120 276 154 878 684 304 42 450 242 502 131 256 42 169 421 96 269 359 421 548 271 113 261
19 381 54 29 20 315 29 201 68 74 255 368 300 25 25 445 117 3 255 120 117 297 61 170 100 279 315 290 50 42 325 550 117 640 223 278 52 1038 20 29 158 348 290 50
9 434 547 135 25 56 298 16 9 6 872 229 71 822 217 16 9 77 222 1 298 16 9 222 1 797 199 16 9 7 342 617 56 111 674 170 9 7 60 645 162 753 199 16 9 7 107 51 9 7 107
819 979 36 13 273 221 419 569 351 120 276 154 878 684 304 42 450 242 502 131 256 42 169 421 96 269 359 421 548 271 123 313 123 313 120 50 113 261 339 411 351 120 256 22 169 421 115 293 359 421 371 131 113 261 113 261 100 16 113 261
237 41 378 94 237 164 1095 43 108 2 683 118 234 623 557 131 69 76 123 644 223 647 47 1028 2 409 656 341 108 417 303 223 47 50 512 365 778 667 553 613 594 108 612 503 30 503 30 704 623 547 69 491 123 1772 385 325 271 1229 195
22 39 172 192 39 51 445 6 6 25 4 864 29 22 14 180 192 14 180 192 14 180
166 165 9 65 78 641 568 200 590 40 200 134 209 703 418 25 68 177 68 209 518 29 596 71 453 77 295 165 34 9 379 295 165 34 9 295 265 157 78 9 379 295 157 9 78 370 177 589 9 78 34
117 399 528 223 278 1038 29 20 2 68 90 20 90 1 170 90 100 2 260 96 16 1 201 29 74 1 181 20 74 2 51 100 90 1 344 90 16 2 89 74 29 115 179 133 29 20 324 1 156 20 29
86 3 25 180 13 42 885 1042 679 136 25 19 263 161 160 16 7 241 839 714 693 388 109 15 4 228 107 27 4 43 36 143 60 195 421 333 257 36 268 572 141 528 13 543 669 357
127 175 985 553 482 69 289 123 289 69 259 273 8 108
228 120 36 63 50 36 63 2 323 50 36 63 1391 425 36 153 1021 274 316 228 1 394 416 131 153 36 42 1077 41 1272 286 416 120 50 42
88 108 533 335 53 529 36 64 122 440 300 126 13 127 141 335 53 393 42 14 203 62 127 590 14 87 280 62 45 120 14 195 18 122
288 39 130 152 1277 460 234 248 103 1225 761 1042 422 684 522 1915 288 77 20 5 142 20 5 1079 160 16 33 7 1367 632 16 33 7 1353 839 176 99 988 342 268 1522 630 195 195 144 487
157 76 11 505 68 69 40 34 68 384 69 34 76 505 68 134 34 11 453 29 185 34 11 505 68 69 34
1 298 16 9 222 1 797 199 16 9 7 342 617 56 111 674 170 9 7 60 645 162 753 199 16 9 7 107 51 9 7 107 1 1414 384 29 9 34 401 304 338 383 181 9 34 596 1185 254 9 5 100 9 5 223 519 149
361 47 169 397 359 281 249 805 446 1052 296 212 332 47 169 397 359 281 249 339 319 503 94 1076 266 219 377 1045 266 219 377 1286
70 14 30 1 375 30 1 375 30 1 58 4 338 14 1 338 14 1 196 62 204 101 1
1 176 12 6 4 25 137 35 8 175 99 23 67 4 10 82 57 4 6 67 25 98 21 46 35 55 115
237 164 1095 43 108 2 357 43 108 164 881
8 144 30 242 144 40 71 19 158 373 194 1112 932 214 273 8 133 7 144 5 563 166 144 68 16 22 723 131 184 65 290 114 42
22 14 180 65 196 46 280 20 34 28 1 201 34 28 2 133 7 11 45 89 144 5 49 43 592
328 9 34 17 44 244 66 6 10 23 41 538 44 9 34 17 251 66 10 24 6 41 707 31
65 7 18 44 85 65 7 18 44 85 481 120 9 7 18 44 85 65 7 18 44 85 863 347 9 5 11 45 47
866 223 52 49 36 430 14 43 471 809 143
252 64 49 42 41 851 203 235 60 42 682 252 64 49 2 857 401 97 151 128 2 988 342 95 452 492 796 2 1022 379 126 42 64 2 810 337 126 63 14 2 1588 415 153 36 63 778 36 42 14 842 16 20 7 1 1259 379 126 42 64 2
124 268 315 140 54 28 43 416 315 314 54 11 45 155 387 839 693 303 48 8 31 140 183 88 30 154 973 202 173 31 3 286 693 202 416 387 72 11 45 231 693 714 839 314 272 8 31 580 228 1 174 11 45 646 813 1008 1 86 8 3 83 124 268
28 342 223 429 446 378 185 155 1521 647 553 566 1198 11 550 29 47 11 2 577 484 102 18 44 577 271 39 377 545 949 453 1579 727 698 91 248 447 3584 91 130
317 12 67 181 4 8 317 21 12 554 91 372 181 317 554 304 317 293 37 67 724 128 18 44 519 170 8 31 186 21 23 46 31 16 149 49 94 502 5 170 149 559 14 7
171 863 347 110 569 647 347 110 569 113 261 44 261 276 154 31 154 73 125 23 125 249 261 44 261 225 569 110 569 113 261 44 261 276 154 31 154 73 125 23 125
232 18 434 271 95 69 85 362 44 123 17 1450 361 527 432 223 749 194 203 968 310 50 582 35 182 57 310
87 280 62 45 120 14 195 18 122 589 88 152 203 60 531 43 190 757 438 99 711 14 62 239 51 64 49 88 89 363 14 88 122 252 438 99 711 14 62 239 51 64 49 88 89 165 122 14 88 197
271 446 940 723 558 528 565 503 43 28 403 533 1450 162 49 1142 871 651 1401 703 460 401 1212 612 531 1565 447 632 570 760 446 378 94 866 108 531 533 90 640 28 342 223 429 446 378 185 155 1521 647 553 566 1198 11 550 29 47 11
65 290 214 32 20 144 30 133 40 144
1 59 26 57 6 140 228 25 99 55 55 175 25 93 26 154 316 57 26 25 19
667 70 19 1 181 74 116 548 484 138 3 24 196 136 1 585 16 90 181 159 534 131 50 20 425 117 594 528 131 16 285 273 144 29 20 158
131 30 117 2 117 1 175 96 2 334 96 1 61 1 175 96 1 61 1 61 1 175 96 1 163 158 1 61 2 51 9 155 90 82 479 75
572 164 2267 580 416 2 839 618 394 1 316 394 316 1654 308 2252 1085 687 486 333 486 472 1 915 825 2 944 1 618 164 2066 572 687 572 652 308 1877 340 225 472 41 638 340 532 854 164 2066 1311 2 966 825 615 1 274 308 3586 687 825 839 164 1581
51 20 34 28 2 184 16 20 34 65 159 1 388 117 15 27 80 2 133 29 16 33 195
112 371 131 320 127 153 36 267 59 375 207 319 407 385 166 391 50 69 173 193 234 507 371 131 326 180 42 544 351 120 191 69 50 42 72 1476 377 371
728 857 871 651 69 660 460 247 91 981 1015 487 816 1069 808 728 128 118 425 1299 49 43 90 640 669 503 606 502
40 33 17 200 240 10 200 1 388 77 9 17 222 65 17 222 1 303 77 40 33 222 1 514 79 22 30 815 77 16 9 222 65 17 142 65 17 222 51 9
33 165 459 185 33 17 641 165 102 33 76 459 165 1022 379 33 122 251 6 113 9 867 32 253 38 1 258 76 379 862 138 23 113 9 408 654 27 253 1 311
23 81 41 791 122 20 77 34 62 222 67 24 37 57 19 41 769 55 124 10 38 126 9 17 404 26 130 82 327 399 235 980 3 71 6 32 1 104 3 10
68 161 11 17 68 459 161 62 17 641 165 161 62 17 165 459 161 17 76 641 165
16 9 7 107 51 9 7 107 1 1414 384 29 9 34 401 304 338 383 181 9 34 596 1185 254 9 5 100 9 5 223 519 149 22 537 149 6 3 260 202 40 90 29 40 325 393 163 114 428 61 32 432 158 309 29 40 33 50 63 117 343 120 22 40
169 340 90 100 16 333 254 90 1438 686 779 351 120 173 46 191 50 42 267 46 112 371 131 320 141 153 36 69 141 385 166 167 659 249 120 50 169 225 120 50 22 169 340 100 16 5 333 90 167 600 779 984 194 50 127 87 42 13 276 211 643 153
294 22 1 338 14 1 186 7 192 14 1 375 30 1 375 30 362 11 1 375 30 1 375
978 36 415 211 109 112 170 109 112 495 205 37 328 682 252 101 86 59 132 86 59 833 252 21 15 86 106 56 31 86 70 24 699 203 66 4 159 4 246 86 59 132 86 59 132 86 59 241 80 164 843
24 1 741 1496 1447 214 235 22 413 916 1435 1098 22 633 2 363 22 64 41 256 79 13 696 1132 999 1 619 22 126 615 907 895 1 426 50 79 63 653 681 931 1 424 126 22 64 1525 931 1 424 126 79 13
462 47 166 50 13 396 129 69 85 69 85 199 120 22 544 23 1 196 44 199 22 120 362 44 167 23 1 59 23 1 439 108 288 114 22 331 94 628 116 29 5 1 84 10 1 249 7 339 4 199 74 9 461 12
647 54 90 87 20 356 5 36 321 54 11 36 87 87 52 747 127 216 197 180 51 54 141 252 141 51 5 28 864 69 180 22 14 155 300 68 65 65 120 54 183
221 12 38 81 35 35 699 31 1217 1050 1050 304 38 35 86 31 35 383 44 85 201 61 31 35 699 18 122 304 86 8 31 383 28 18 201 61 8 31 534 11 45 304 4 21 8 31 31 19
473 443 444 334 588 254 334 334 626 279 212 296 332 473 443 444 334 626 279 334 334
158 25 1 59 26 57 6 140 228 25 99 55 55 175 25 93 26 154 316 57 26 25 19 1 359 261 44 25 115 334 25 1 198 15 1 48 205 19 106 59 115 73 58 80 25 59 249 158 25 167 6 25 32 73 249 229 71 138 15 1 272 80
21 31 67 24 1 112 15 24 31 67 41 352 34 148 11 40 76 138 32 81 24 8 38 41 352 11 76 40 34 148 200 8 6 38 81 24 41 582 27 24 19 66 1 373 130 126 64 39 63 606 32 23 3 4 25
68 9 34 1 383 130 108 325 558 76 11 69 185 259 1 328 9 34 589 165 9 34 2 363 22 39 282 189 251 1 304 79
477 353 75 151 983 106 46 73 383 130 108 325 558 76 11 69 185 259 1 328 9 34 589 165 9 34 2 363 22 39 282 189 251 1 673 52 91 1006 9
49 33 89 300 42 14 16 165 263 47 145 149 67 132 31 617 16 28 64 86 338 18 204 101 89 195 33 28 203 370 9 62 195 33 28 370 9 62 300 42 14 16
12 26 565 528 223 28 18 108 940 396 334 84 647
190 2 506 317 153 36 14 280 2 518 172 64 49 2 437 181 42 13 30 280 2 68 454 13 30 88 2 437 181 42
193 609 159 25 3 202 68 20 5 489 91 501 3 215 13 50
303 54 29 20 231 900 979 263 86 3 25 180 13 42 885 1042 679
54 29 155 20 28 348 48 19 25 31 180 13 42 193 609 159 25 3 202 68 20 5 489 91 501 3 215 13 50 754
55 175 93 26 154 316 26 57 71 19 25 1 715 94 152 115 65 80 25 167
283 49 43 747 680 347 622 60 30 341 558 876 647 144 452 225 435 225 677 280 68 257 108 301 299 747 280 353 713
89 5 11 45 47 89 5 11 45 47 89 5 11 45 47 929 277 266 361 1101 296 212 332 1043 503
96 216 1142 130 690 628 11 148 177 660 288 248 91 447 247 1164 913 698 570 257 536 823 16 43 94 603 866 531 667 21 12 26 388
148 344 221 31 35 514 88 152 181 86 559 64 44 148 478 149 193 319 699 304 86 383 201
334 443 444 315 504 90 334 1469 90 563 114 504 334 1 175 478 135 444 255 221 135 478 255 444 279 322 1294 444 334 2 551 665 371
1 1414 384 29 9 34 401 304 338 383 181 9 34 596 1185 254 9 5
34 329 20 7 866 15 6 103 245 22 656 285 9 391 40 33 28 758 42 13 30 2
433 189 44 177 334 206 207 334 464 334 464 1 433 18 150 334 122 18 202 62 94 464 499 131 88 30 117 117 1541 332 273 158 334 96 117 202 90 117 117 555 30 831 175 96 202
356 5 36 321 54 11 36 87 87 52 747 127 216 197 180 51 54 141 252 141 51 5 28 864 69 180 22 14 155 300 68 65 65 120 54 183 808 195 594 51 183 378 570 52 91 864 647 470 1198 225 2269 864 647
170 9 7 60 645 162 753 199 16 9 7 107 51 9 7 107 1 1414 384
77 142 165 9 34 222 229 1 338 50 126
1 373 13 2 183 39 70 3 10 326 39 1 439 108 131 1 312 7 44 324 4 23 70 252 13
92 86 24 112 621 269 71 86 27 82 346 127 454 153 79 14 49 148 239 688 269 92 106 21 93 552 269 25 86 3 46 755
15 21 279 108 315 56 21 3 178 107 3 21 108 315 257 4 21 196 136 1 381 57 178 677 262 15 3 21 51 5 28 458 124 268 315 140 54 28 43 416 315 314 54 11 45 155 387 839 693 303 48 8
117 73 12 831 303 47 76 90 117 2 117 941 234 334 96 273 158 117 38 26 2 440 234 155 90 117 117 113 18 158 96 144 155 76 47 307 47 61 113 155 18 90 70 25 2 117 130 30 334 96 273 158 346 11 117 1 792 118 155 90
57 83 113 129 171 563 713 319 407 609 463 251 330 87 44 110 448 114 257 94 226 592 539 18 44 129 182 23 57 87 44 129 1104 288 39
1 170 5 17 1 181 9 7 11 1 174 17 76 47 309 54 102 343 79 22 14 30 2 134 65 72 172 22 39 2 142 323 36 22 39
68 384 69 34 76 505 68 134 34 11 453 29 69 34 76 505 68 69 40 34 68 297 113 17 62 310 65 189 17 9 305 78 102 44 62 310 65 65
23 125 211 171 18 171 929 494 110 569 784 494 110
913 95 492 573 571 152 1475 214 95 75 52 195 144 133 323 16 9 17 107 6 8 502 56 6 12 409 42 13 39 43 364 5 11 290 20 5 256 20
234 407 1581 257 108 301 864 202 463 216 94 152 558 120 141 47 141 47 808 183 43 160 374 172 13 374 172 43 290 113 257 94 647 144 215 216 88 290 365 454 245 13 43 747 280 353 452 52 91 967 172 13 49 864 202 300 172 13 300
443 15 3 21 10 808 16 13 39 172 183 39 172 183 39 172 183 39 51 455 66 19 4
72 11 2 290 13 49 89 276 2 343 9 7 11 68 65
570 310 166 2 678 1 264 223 701 194 385 1779 55 57 1537 422 310 166 50 685 166 95 1301 527 1 476 223 1021 124 677 297 155 203 225 232 259 139 695 50 166
54 28 43 416 315 314 54 11 45 155 387 839 693 303 48 8 31 140 183 88 30 154 973 202 173 31 3 286 693 202 416 387 72 11 45 231 693 714 839 314 272 8 31 580 228 1 174 11
326 180 42 544 351 120 191 69 50 42 72 1476 377 371 131 169 225 153
1 1398 164 1729 308 2452 333 225 340 225 308 1910 88 1 614 2 307 88 378 606 1 112 1 86 1 174 244 1 112 1 93 1
158 202 290 42 50 202 506 90 16 389 144 36 506 68 20 74 241 263 68 20 74 455 1 201 100 315 184 20 334 1 317 29 9 115 179 133 9 29 324 1 186 74 29 74 324
85 174 201 45 47 383 76 26 174 86 31 81 1108 151 31 81 619 12 38 81 81 81 100 45 201 344 31 81 221 38
45 47 89 5 11 45 47 89 5 11 45 47 89 5 11 45 47 863 347 9 5 11
125 23 125 249 261 44 85 261 421 225 569 94 110 261 569 113 261 276 154 31 154 73 125 23 125 211 171 11 110 569 929 277 266 361 47 169 397 359 281 249 805 446 1052 296 212 332 47 169 397 359 281 249
6 10 12 2 117 19 4 8 2 290 22 13 39 43 1 373 13 39 30 1 428 13 39 130 1 170 9 17 2 51 65 172 22 39 43 2 51 65 102 89 5 7 11
1 529 42 13 11 484 14 30 22 14 30 180 65 196 46 1 619 42 64 49 364 34 28 2 300 14 30
261 276 154 31 154 73 125 23 125 249 261 44 261 225 569 110 569 113 261 44 261 276 154 31 154 73 125 23 125 211 171 18 171 863 347 110 569 647 347 110 569 113 261 44 261 276 154 31 154 73 125 23 125 249 261 44 261 225 569
221 8 31 833 18 148 478 149 31 81 170 21
333 615 1 250 175 23 80 35 137 125 164 1365 166 29 16 9 60 256 36 22 609 1 181 16 9 2 704 271 16 5 17 329 9 7 623 100 20 34 329 20 7 866 15 6 103