1061 277 212 369 1016 296 212 332 1061 277 212 369 1016 296 212 332 1061 277 212 369 1016 296 212 332 1269 95 52 128 968 50 22
185 275 155 29 87 171 217 77 69 110 384 177 210 57 254 90 104 26 46 55
35 29 9 7 84 57 99 55 116 99 125 99 125 29 9 7 99 125 211 129 171 217 339 299 411 16 9 17 195
8 26 3 8 38 25 32 3 8 38 25 73 8 26 3 25 32 1658
175 154 25 31 236 48 19 154 25 31 394 35 228 262 96 70 140 274 19 3 25 137 272 67 99 59 27 25 83 70 31 35
57 15 6 1 112 35 279 57 1 84 58 92 3 23 84 262 21 35 1 149 6 21 23 26
177 236 84 55 154 90 281 110 268 181 20 5 249 178 268 322 176 73 98 16 9 5 84
3 26 15 1 99 15 162 57 1 191
457 136 71 32 25 26 293 158 25 696 55 124 3 25 105 230 140 32 8 55 1
194 50 425 499 341 214 97 52 772 572 486 472 431 203 97 52 638 472
68 201 376 86 3 1 303 77 20 5 2 368 22 14 30 737 48 8 58 59 426 22 14 30 1 48 2 348
66 140 480 229 163 229 140 314 137 32 3 66 140 314 474 57 140 527 253 208 124 32 66 3 125 1 316 355 238 25 474
37 150 121 73 1012 355 81 82 57 6 132 150 73
78 20 119 104 177 78 9 106 23 106 23 177 78 9 119 106 23 177 78 9 119 327 76 177 29 33 157 62 78
54 65 68 324 338 39 36 115 592 204 22 50 166 484 192 14 50 484 68 409 13 42 50 780
48 10 12 26 1 176 12 67 15 27
18 2 180 30 88 108 477 53 26 2 454 5 28 18 364 3 41 541 29 20 2 204 30
189 270 90 77 78 20 189 270 90 77 78 20 335 121 90 77 78 20 366 270 478 78 9 147 119
62 317 78 20 104 59 31 74 78 20 119 104 177 78 9 106 23 106 23 177 78 9 119
12 1 233 47 5 18 15 71 445 53 26 10 3 135 15 498 3 8 38 26 8
269 73 125 55 35 125 55 241 80 137 1 59 83 6 25 15 23 715 44 85 110 175 80 1 99 83 23 59 25
24 58 140 32 26 24 274 150 355 125 98 23 26 1 316 26 355 98 125 150 23 355 98 1051 130 105 187 56 162
252 462 18 47 548 166 282 43 94 323 36 22 102 18
32 6 35 55 176 38 35 175 80 99 105 6 4 8 23 55 35 2 113 18 17 162 15 113 18 17 56
173 38 160 16 309 40 146 46 57 177 29 33 104 146 384 177 46 57 46 57 155 29 366 44 567 78 147
265 26 3 397 17 307 32 552 13 582 25 53 15 104 32 326 131 1 106 150 82 71 46 25 106
80 71 1 274 3 4 66 705 421 268 85 145 241 274 163 279 121
46 57 46 57 155 29 366 44 567 78 147 119 57 177 78 9 73 147 384 177 119
208 32 137 61 302 150 27 81 137 124 367 124 150 316 26 25
81 160 16 46 106 81 209 40 46 104 177 29 33 327 148 478 29 33 244 81 384 177 370
139 84 93 565 16 72 333 72 472 72 333 72 631 20 72 69 72 127 72 69 72 644 5 102 185 102 123 102
13 30 88 158 159 25 96 281 5 11 45 262 1 86 3 2 173 19 205 19 320 117 19 4
569 258 5 62 139 286 147 302 177 137 236 40 34 11 281 313 449 249 261
57 119 27 82 66 67 139 38 264 71 146 66 27 10 57 1 119 516 227 57 1 250 12
204 30 88 41 425 36 5 28 18 544 12 2 144
6 1 961 411 132 6 24 1224 355 1 675 253 302 1 58 121 150 66 286 230 480 1066 355 220 286
255 35 83 2 242 125 241 83 35 1 137 124 355 150 243
46 24 81 208 24 32 81 46 61 27 150 38 520 237 221 25 27 596 150 106 81 317 231 119 31
11 746 322 99 125 84 154 9 5 28 73 83 555 213 50 13 11 222 322 437 191 45 47 129 155
165 68 184 142 607 60 248 29 184 68 184 142 133 336 30 130 351 120 637 91 118 703 401 877 128
57 177 29 33 147 46 55 209 40 104 146 177 29 33 233 129 449 40 146 233 129
90 356 226 29 5 202 29 102 11 45 155 29 72
13 262 249 58 92 31 53 552 13 30 88 158 159 25 96 281 5 11 45 262 1 86
221 66 6 59 37 80 66 86 104 80 66 19 59
5 307 26 57 209 346 47 275 298 40 5 346 47 110 386 84 139 77 40 5 104 124 211 148 171
270 62 148 1 119 121 66 96 71 19 2 273 66 121 71 19 37 1 163 71 66 37 121 19 1 119 71 19 96 66
146 83 243 84 83 154 140 217 77 147 83 154 302 359 270 268 421 231 74 2 185 85 110 116 9 185 85 110
281 129 313 29 20 339 152 411 116 29 9 202 29 563
325 91 52 770 477 1 715 266 219 332 599
96 259 61 19 31 46 1 311 162 196 53 25 15 80 496 7 289 272 211 107 25 80 4 109 218 5
346 44 148 270 579 177 73 81 104 297 116 73 81 119 459 224 146 104 78 33 17 146 139 265 78 119 146 78 33
125 40 34 11 346 275 303 29 147 137 40 34 11
97 111 144 133 137 163 83 80 163 154 70 268 313 110 47 158 25 1
104 25 32 24 25 32 24 191 76 148 25 32 24 61 32 24 175 25 32 24
47 671 288 216 213 142 40 5 102 129 217 77 69 110 231 74 87 171 384 177 794 457 371
3 10 105 3 10 105 3 10 105 3 10 250 32 3 10 262 32 3 10 709 91 248 447
421 155 29 284 508 160 16 728 543 288 79 744 457 114 79 13
284 508 160 16 728 543 288 79 744 457 114 79 13 744 457 114 79 13 628 275 505 247 603 213 180 79 64 185
115 37 121 96 1 139 32 6 10 66 233 129 527 187 73 32 3 66 26 1 147 229 26 96 37 55
162 15 6 24 10 2 259 140 124 70 67 124 243 1 208 26 124 140 32 70 71 32 3 264 23 125 93 154
1 105 10 57 66 6 3 139 10 229 96 1 73 3
67 84 238 150 1075 267 24 15 19 624 178 45 267 24 19 15 1 176 556 74 45 85 404 86 25 98 70 110
187 32 8 1 109 150 25 57 383 130 367 150 345 15 1 208
99 55 116 84 57 73 35 29 9 7 84 57 99 55 116 99 125 99 125 29 9 7 99 125 211 129 171 217 339 299 411
160 16 82 449 40 82 104 77 40 33 146 233 129 77 40 33 102 76 122 77 40 33 54 17 62 44 209 77 40 309
70 158 38 8 80 26 8 38 32 6 4 48 104 8 255 359 105 4 6
831 824 1003 26 70 4 255 8 4 8 26 32 2 244 12 71
32 3 61 32 3 61 32 3 61 32 3 181 25 32 3 163 25 32 3
11 281 313 449 249 261 258 34 11 147 55 104 124 177 147 55 73 125 40 34 11 346 275
66 1 303 29 11 110 260 238 21 98 1
204 22 50 166 484 192 14 50 484 68 409 13 42 50 780 50 42 609 192 36
83 125 217 77 146 83 243 84 83 154 140 217 77 147 83 154 302 359 270 268 421 231 74 2 185 85 110 116 9 185 85
77 16 174 17 349 109 4 174 17 77 16 305 53 82 26 77
93 26 154 281 129 313 77 29 20 339 152 411 116 133 29 9 133 29 9 136 29 20 106 59 116 249 317 29 9 59 249
77 20 5 2 368 22 14 30 737 48 8 58 59 426 22 14 30 1 48
15 6 23 12 293 61 158 4 38 23 73 38 4 73 38 4 156 255 249 18
50 22 14 656 95 52 128 968 50 22 14 1052 347 296 212
177 78 9 233 62 662 224 104 233 62 459 224 72 62 540 209 167 38 254 90 327 62 579 177 104 106 23 177 78 9
135 3 38 32 8 1 175 38 8 46 26 61 32 3 104 211 96 15 92 21 136 21 26 92 96 15
181 3 8 38 163 3 8 38 559 332 545 781 25 6 24 61 6 24 61 6 24 61 6 24
71 229 158 287 10 355 241 10 57 187 527 1 82 38 26 57 105 3 71 139 26 38 10
26 57 187 10 32 71 38 1 346 17 47 129 3 71 32 23
26 46 55 77 40 5 233 129 322 84 104 224 82
3 56 83 47 313 5 458 15 746 47 5
478 78 9 249 148 261 579 177 73 125 146 243 177 78 9 147 302 397 270
228 286 92 3 32 771 71 736 498 187 951
1 73 15 162 38 15 162 46 32 187 104 32 187 84 10 92 3 32 104 158 82 47 45 222 19 10 1
77 78 20 179 139 73 83 77 16 9 139 137 116 176 137 16 9 17 139 125 236 29 176 419 40 9 7 179 236
1 137 124 23 71 264 121 73 55 25 158 1658 1174 831 1201 1 287 66 57
53 23 6 10 1 48 10 12 4 10 12 35 174 17 18 47 58 23 10 12 61 15 1 86 10 8 96 41 947 55 83 27
12 99 163 26 279 70 23 162 53 150 355 6 198 8 491 30 241 80 117 4 6 138 115 8 1 99 8 23 105 187
106 23 231 74 174 62 386 77 104 48 23 217 77 119 303 29 109 38 109 38 155 29 106 186 62 265 78
32 25 445 1174 920 1050 1409 137 125 35 4 32 23 6 25 70 158 23 35 80
29 9 7 191 85 110 303 112 81 98 191 85 110 29 9 7 173 35 116 112 81 46 35 29 9 7 196
244 12 23 327 18 47 797 199 73 53 82 366 47 110 671 288 335
25 32 2 872 229 53 23 24 71 15 1 48 187 38 48 10 66 288 248 240 25 4 138 92 24 134 5 71 678 187 1 316
279 241 49 43 464 355 96 279 112 12 156 255 187 527 162 466 70 158
104 48 23 217 77 119 303 29 109 38 109 38 155 29 106 186 62 265 78 157 148 177 78 9 157
58 92 3 23 84 262 21 35 1 149 6 21 23 26 1 137 31 158 8 25 26 1 145 4
3 10 105 3 10 105 3 10 264 32 3 10 218 32 3 10 376 332 593 600 25 32 3 61 32 3 61