20 7 11 222 15 3 15 3 10 1 317 29 9 29 9 7 300 50 22 50 22 14 334 704 655 25 6 29 9 7 222 15 3 16 5 17 117 19 4 19 4 8 1 181 20 7 20 7 11 180 42
68 72 65 72 2 72 65 167 1 344 54 89 136 2 54 89 54 165 72 89 72 2 72 89 72 354 72 161 72 172 72 161 72 172 141 183 141 172 141 54 141 172 72 161 72 172 72 161 167 1 526 72 215 204 363 72 89 72 172 72 161
29 9 7 222 15 3 16 5 17 117 32 4 32 4 8 1 170 9 17 9 17 18 354 75 103 6 10 12 210 12
102 2 102 65 102 68 72 65 72 2 72 65 167 1 344 54 89 136 2 54 89 54 165 72 89 72 2 72 89 72 354 72 161 72 172 72 161 72 172 141 183 141 172 141 54 141 172 72 161 72 172 72 161 167 1 526
4 32 4 8 1 170 9 17 9 17 18 354 75 103 22 39 43 883 6 10 9 17 18 117 19 4 20 7 11 222 15 3 15 3 10 1 317 29 9
17 117 32 4 32 4 8 1 170 9 17 9 17 18 354 75 103 22 39 43 883 6 10 9 17 18 117 19 4 20 7 11 222 15 3 15 3 10 1 317 29 9 29 9 7
10 1 317 29 9 29 9 7 300 50 22 50 22 14 1 145 25 6 29 9 7 222 15 3 16 5 17 117 19 4 19 4 8 1 181 20 7 20 7 11 180 42 14 42 14 30 758 95
22 14 1 145 25 6 29 9 7 222 15 3 16 5 17 117 19 4 19 4
1 170 9 17 9 17 18 354 75 103 75 103 118 775 9 17 9 17 18 117 19 4 20 7 11 222 15 3 15 3 10 1 317 29 9 29 9 7 300 50 22 111
89 72 2 72 89 72 51 72 161 167 2 72 161 72 51 141 54 141 2 141 54 141 51 72 161 167 2 72 161 72 165 72 89 72 2 72 89 72 51 102 65 102 2 102 65 102 68 72
9 17 18 354 75 103 9 17 18 210 12 26 282 43 94 285 9 17 9 17 18 117 19 4 20 7 11 222
158 114 42 13 334 334 198 617 111 75 271 111 75 60 917 36 13 36 22 39 701 111 75 111 75 60 917 36 13 36 22 39 701 111 75 111 75 60 773 198 156 323 36 13 36 22 39 701 111 75 111 75 60 917 36 13 36 22 39 701 111 75 111
158 131 114 42 202 195 463 111 75 166 203 111 75 773 198 312 463 111 75 271 111 75 60 970 29 9 29 9 7 222 15 3 16 5 17 117 32 4 32 4 8 1 170 9 17 9 17
39 773 114 36 13 198 156 463 111 75 548 111 75 60 1192 25 6 29 9 7 222 15 3 16 5 17 117 32 4 32 4 8 1 170 9 17 9 17 18 354 75 103 75
19 4 20 7 11 222 15 3 15 3 10
111 75 60 970 29 9 29 9 7 222 15 3 16 5 17 242 25 6 19 4 8 1 322 77 20 77 20 5 290 114 42 114 42 13 202 345 463 111 75 271 111 75 60 1341 198 156 164 1341 198 156 164 1341 198 156
222 15 3 16 5 17 117 19 4 19 4 8 1 181 20 7 20 7 11 180 42 14 42 14 30 758 95 52 36 13 39 773
25 6 25 6 4 1 322 77 20 155 90 77 20 290 114 42 158 131 114 42 202 195 463 111 75 166 203 111 75 773 198 312 463 111 75 271 111 75 60 970 29 9 29 9 7 222 15 3 16
773 198 156 323 36 13 36 22 39 701 111 75 111 75 60 917 36 13 36 22 39 701 111 75 111 75 60 917 36 13 36 22 39 701 111 75 111 75 60 917 36 13 36 22 39 701 111 75 111 75 60 917 36 13 36
1 344 54 89 136 2 54 89 54 165 72 89 72 2 72 89 72 354 72 161 72 172 72 161 72 172 141 183 141 172 141 54 141 172 72 161 72 172 72 161 167 1 526 72 215 204 363 72 89 72 172
5 17 242 25 6 19 4 8 1 322 77 20 77 20 5 290 114
161 167 2 72 161 72 165 72 89 72 2 72 89 72 51 102 65 102 2 102 65 102 68 72 65 167 2 72 65 72 51 102 65 210 2 102 65 102 68
72 363 72 89 72 172 72 161 72 172 72 161 167 708 2422 65 102 172 102 65 102 306 102 54 102 306 102 54 210 708 2422 65 102 172 102 65 102 306 102 54 102 306 102 54 510 2083 111 75 970 29 9 222 15 3
90 77 20 290 114 42 158 131 114 42 202 195 463 111 75 166 203 111 75 773 198 312 463 111 75 271 111 75 60 970 29 9 29 9 7 222 15 3 16 5 17 117 32 4 32 4 8
1 196 195 33 72 195 72 195 33 72 195 16 72 195 33 72 195 72 161 160 72 51 72 161 167 2 72 161 72 51 141 54 267 2 141 54 141 51 72 161 167 2 72 161 167 1 328 72 89 72 2 72 89 72 51 72
4 241 32 4 8 1 170 9 17 217 9 17 18 354 75 103 217 75 103 118 581
13 39 773 114 36 13 198 156 463 111 75 548 111 75 60 1192 25 6 29 9 7 222 15 3 16 5 17 117 32 4 32 4 8 1 170 9 17 9 17 18 354 75 103 9 17 18 210 12 26 282 43 94 285 9 17 9 17 18
51 141 54 267 2 141 54 141 51 72 161 167 2 72 161 167 1 328 72 89 72 2 72 89 72 51 72 161 167 2 72 161 72 51 141 54 141 2 141 54 141 51 72 161
72 89 72 2 72 89 72 354 72 161 72 172 72 161 72 172 141 183 141 172 141 54 141 172 72 161 72 172 72 161 167 1 526 72 215 204 363 72 89 72 172 72 161 72 172 72 161 72 172 141 183 141 172 141 54 141 172
72 89 72 172 72 161 72 363 72 89 167 708 2199 89 72 363 72 89 72 172 72 161 72 172 72 161 167 1 170 72 161 167 2 72 161 72 51 141 54 267 2 141 54 141 51 72 161 167 2 72 161 167 1 328 72 89
102 65 102 2 102 65 102 68 72 65 167 2 72 65 72 51 102 65 210 2 102 65 102 68 72 65 167 2 72 65 72 51 102 65 102 2 102 65 102 68 72 65 72
114 42 158 114 42 13 334 334 198 617 111 75 271 111 75 60 917 36 13 36 22 39 701 111 75 111 75 60
172 141 183 141 172 141 54 141 172 72 161 72
72 89 167 708 2199 89 72 363 72 89 72 172 72 161 72 172 72 161 167 708 2422 65 102 172 102 65 102 306 102 54 102 306 102 54 210 708 2422 65 102 172 102 65 102 306 102 54 102 306 102 54 510 2083 111 75
72 161 72 172 72 161 72 172 141 183 141 172 141 54 141 172 72 161 72 172 72 161 167 1 526 72 215 204 363 72 89 72 172 72 161 72 172 72 161 72 172 141 183 141 172 141 54 141 172 72 161 72 363 72 89 72 172
71 15 3 1 317 29 9 74 29 9 300 50 22 203 111 75 749 541 29 9 80 25 6 222 15 3 71 15 3 1 145
111 75 60 1192 25 6 29 9 7 222 15 3 16 5 17 117 32 4 32 4 8 1 170 9 17 9 17 18
14 334 704 655 25 6 29 9 7 222 15 3 16 5 17 117 19 4 19 4 8 1 181 20 7 20 7 11 180 42 14 42 14 30 758 95 52 36 13 39 773 334 114 36 13 198
4 8 1 181 20 7 20 7 11 180 42 14 42 14 30 758 95 52 36 13 39 773 334 114 36 13 198 156 463 111 75 548 111 75 60 1192 25 6 29 9 7 222 15 3 16 5 17 117 32 4 32 4 8 1 170 9
300 50 22 50 22 14 1 317 29 9 29 9 7 222 15 3 16 5 17 242 25 6 19 4 8 1 322 77 20 77 20 5 290 114 42 114 42 13 202 345 463 111 75 271 111 75 60 1341 198 617 111 75 548 111 75 60 970 29 9 29 9 7 222
7 222 15 3 16 5 17 117 32 4 32 4 8 1 170 9 17 9 17 18 354 75 103 75
13 202 345 463 111 75 271 111 75 60 1341 198 156 164 1341 198 156 164 1341 198 156 164 1341 198 156 164 1341 198 156 164 1341 198 156
172 72 161 167 1 526 72 215 204 363 72 89 72 172 72 161 72 172 72 161 72 172 141 183 141 172 141 54 141 172 72 161 72 363 72 89 72 172 72
89 72 51 102 65 102 2 102 65 102 68 72 65 167 2 72 65 72 51
1 322 77 20 77 20 5 290 114 42 114 42 13 202 345 463 111 75 271
72 161 72 165 72 89 72 2 72 89 72 51 102 65 102 2 102 65 102 68 72 65 167 2 72 65 72 51 102 65 210 2 102 65 102 68 72 65 167 2 72 65 72 51 102 65 102
156 164 1341 198 156 164 1038 77 20 155 77 20 5 290 114 42 194 114
25 6 19 4 8 1 322 77 20 77 20 5 290 114 42 114 42 13 202 345 463 111 75 271 111 75 60 1341 198 156 164 1341 198 156 164 1341 198 156 164 1341 198 156 164 1341 198 156 164 1341 198 156 164 1341 198 156 41 754 305 506 1 322 77 20 155 77
7 11 180 42 14 42 14 30 758 95 52 36
75 548 111 75 60 911 111 75 271 111 75 60 970 29 9 29 9 7 222 15 3 16 5 17 117 32
161 167 2 72 161 72 51 141 54 267 2 141 54
300 50 22 50 22 14 1 145 25 6 29 9 7 222 15 3 16 5 17 117 19 4 19 4 8 1 181 20 7 20 7 11 180 42 14 42 14 30 758 95 52 36 13 39 773 334 114
60 1341 198 617 111 75 166 50 22 14 970 29
775 9 17 9 17 18 117 19 4 20 7 11 222 15 3 15 3 10 1 317 29 9 29 9 7 300 50 22 50 22 14 1 317 29 9 29 9 7 222 15 3 16 5
3 16 5 17 117 32 4 32 4 8 1 170 9 17 9 17 18 354 75 103 9 17 18 210 12
60 970 29 9 29 9 7 222 15 3 16 5 17 117 32 4 32 4 8 1 170 9 17 9 17 18 354 75 103 6 10 12 210 12 26 102 18 44 392 6 10 9 17 18 117 19 4 20 7 11 222 15 3 15 3 10
2 72 65 167 1 344 54 89 136 2 54 89 54 165 72 89 72 2 72 89 72 354 72 161 72 172 72 161 72 172 141 183 141 172 141 54 141 172 72 161 72 172 72 161 167 1 526 72 215 204 363 72 89 72 172 72 161 72 172 72 161
75 271 111 75 60 970 29 9 29 9 7 222 15 3 16 5 17 117 32 4 32 4 8 1 170 9 17 9 17 18 354 75 103 22 39 43 883
156 463 111 75 548 111 75 60 1192 25 6 29 9 7 222 15 3 16 5 17 117 32 4 32 4 8 1 170 9 17 9 17 18 354 75 103 75 103 118 775 9 17 9 17 18 117 19 4 20 7 11 222 15 3 15 3 10 1 317 29 9
72 215 204 363 72 89 72 172 72 161 72 172 72 161 72 172 141 183 141
36 22 39 701 111 75 111 75 60 917 36 13 36 22 39 701 111 75 111 75 60 917 36 13 36 22 39 701 111 75 111 75 60 917 36 13 36 22 39 701 111 75 111 75 60 917 36
9 7 300 50 22 50 22 14 1 317 29 9 29 9
20 5 290 114 42 114 42 13 202 345 463 111 75 271 111 75 60 1341 198 617 111 75 166 50 22 14 970 29 9 29 9 7 222 15 3 16 5 17 117 19 4 32 4 8 1 170 9 17 9 17 18 354 75 103 22 39 43
328 72 89 72 2 72 89 72 51 72 161 167 2 72 161 72 51 141 54 141 2 141 54 141 51 72 161 167 2 72 161 72 165 72 89 72 2
2 72 65 72 51 102 65 210 2 102 65 102 68 72 65 167 2 72 65
7 300 50 22 111 75 60 970 29 9 29
773 198 312 463 111 75 271 111 75 60 970 29 9 29 9 7 222 15 3 16 5 17 117 32 4 32 4 8 1 170 9 17 9 17 18 354 75 103 22 39 43 883 6 10 9 17 18 117 19 4 20 7 11 222 15 3 15 3 10 1 317
29 9 7 222 15 3 16 5 17 117 19 4 19 4 8 1 181 20 7 20 7 11 180 42 14 42 14 30 758 95 52 36 13 39 773 114 36 13 198 156 463 111 75 548 111 75 60 1192 25
72 363 72 89 72 172 72 161 72 363 72 89 167 708 2199 89 72 363 72 89 72 172 72 161 72 172 72 161 167
317 29 9 29 9 7 300 50 22 111 75 60 1192 25 6 29 9
30 758 95 52 36 13 39 773 334 114 36 13 198 156 463 111 75 385
172 141 54 141 172 72 161 72 363 72 89 72 172 72
89 72 354 72 161 72 172 72 161 72 172 141 183 141 172 141 54 141 172 72 161 72 172
111 75 60 970 29 9 29 9 7 222 15 3 16 5 17
29 9 29 9 7 300 50 22 111 75
708 2422 65 102 172 102 65 102 306 102 54 102 306 102 54 210 708 2422 65 102 172 102 65 102 306 102 54 102 306 102 54 510 2083 111 75 970 29 9 222 15 3 1 61 19 4 1 170 9 17 217 354 75 103 434 210 12 26 282 43 94 392 6
172 72 161 72 172 141 183 141 172 141 54 141 172 72 161 72 363 72 89 72 172 72 161 72 363
9 7 222 15 3 16 5 17 242 25 6 19 4 8 1 322 77 20 77 20 5 290 114 42 114 42 13 202 345 463 111 75 271 111 75 60 1341 198 156 164 1341 198 156 164 1341 198 156
72 161 72 363 72 89 72 172 72 161 72 363 72 89 167 1 479 72 161 72 172 72
7 20 7 11 180 42 14 42 14 30 758 95 52 36 13 39 773 114 36 13 198 156 463 111 75 548 111 75 60 1192 25 6 29 9 7 222 15 3 16 5 17 117
8 1 170 9 17 9 17 18 354 75 103 9 17 18 210 12 26 282 43 94 285 9 17 9 17 18 117 19 4 20 7 11 222 15 3 15 3 10 1 317 29
65 102 2 102 65 102 68 72 65 167 2
354 75 103 95 75 103 775 9 17 15 6 10 117
1 145 25 6 29 9 7 222 15 3 16 5 17 117 19 4 19 4 8 1 181 20 7 20 7 11 180 42 14 42 14 30 758 95 52 36 13 39 773 114 36 13 198 156 463 111 75 548 111 75 60 1192 25 6 297 29
75 60 917 36 13 36 22 39 701 111 75 111 75 60 773 198 156 323 36 13 36
300 50 22 50 22 14 1 145 25 6 29 9 7 222 15 3 16 5 17 117 19 4 19 4 8 1 181 20 7
13 39 773 334 114 36 13 198 156 463 111 75 385 50 22 14 1192 25 6 29 9 7
4 20 7 11 222 15 3 15 3 10 1 317 29 9 29 9 7 300 50 22 29 9 7 107 6 4 180 22 14 541 29 9 29 9 7 222 15 3 16 5 17 242 25
3 10 1 317 29 9 29 9 7 300 50 22 50 22 14 1 317 29 9 29 9 7 222 15 3 16 5 17 242 25 6 19 4 8
9 29 9 7 300 50 22 50 22 14 1 145 25 6 29 9 7 222 15 3 16 5 17 117
17 9 17 18 117 19 4 20 7 11 222 15 3 15 3 10 1 317 29 9 29 9 7 300 50 22 50 22 14 1 317 29 9 29 9 7
65 102 68 72 65 72 2 72 65 167 1 344 54 89 136 2 54 89 54 165 72 89 72 2 72 89 72 354 72 161 72 172 72 161 72 172 141 183 141 172 141 54 141 172 72 161 72 172 72 161 167 1 526 72 215
15 3 15 3 10 1 317 29 9 29 9 7 300 50 22 50 22 14 1 145 25 6 29 9 7 222 15 3 16 5 17 117 19 4 19 4 8 1 181 20 7 20 7 11 180 42 14
15 3 1 61 19 4 1 170 9 17 217 354 75 103
72 161 167 1 170 72 161 167 2 72 161 72 51 141 54 267 2 141 54 141 51 72 161 167 2 72 161 167 1 328 72 89 72 2 72 89 72 51 72 161 167 2 72 161 72 51 141 54 141 2 141 54 141 51 72 161 167 2 72 161 72 165 72 89
4 25 32 4 1 170 9 17 16 9 17 354 75 103 95 75 103
2 72 65 72 51 102 65 210 2 102 65 102 68 72 65 167 2 72 65 72 51 102 65 102 2 102 65 102 68 72 65 72 2 72 65 167 1 344 54 89 136 2
22 39 43 883 6 10 9 17 18 117 19 4 20 7 11 222 15 3 15 3 10 1 317 29 9 29 9 7 300
29 9 29 9 7 222 15 3 16 5 17 242 25 6 19 4 8 1 322 77 20 77 20 5 290 114 42 114 42 13 202 345 463 111 75 271 111 75 60 1341 198 156 164
9 80 25 6 222 15 3 71 15 3 1 145 25 6 25