116 230 243 230 243 78 236 125 943 384 486 177 905 224
556 224 202 188 552 152 415 90 133 184 292 202 93 717 342 74
31 197 589 778 197 1524 81 83 389 220 205 228 241 35 2 966 74 178 197 231
99 55 228 23 135 71 57 121 286 71 73 10 37 139 6 23 220 10 37 230 6 23 390 10 37 230 6 23
322 345 322 345 1 281 90 408 162 281 90 408 162 281 90 408 162 281 90 330 1 521 254 90 515 279 96 41 819
11 122 29 72 11 122 85 160 16 72 11 122
46 38 67 81 150 46 38 67 35 32 27 24 46 38 67 57 150
847 231 437 80 66 1 269 80 66 1419 465 437 80 66 1 349 90 100 997 254 1 349 116 74 2102 468 1 349 90
104 105 8 254 90 104 58 21 371 131 53 58 21 53 58 21 53 58 21 108 53 58 21 53 58 21
480 888 934 394 480 888 934 394 480 394 1035 888 934 1027 81 480 154
472 517 333 360 280 195 456 161 456 51 161 141 72 161 51 157 11 110 161 51 133 141 72 161 51 157 161 51 133 89 69
649 65 7 192 14 215 65 7 192 14 306 65 7 65 7 172 22 7 72
84 346 288 131 114 576 767 280 90 77 78 343 247 114
13 30 130 457 1021 243 275 313 18 171 185 275 458 243 275 313 11 110 185 275 180 79 13 30 18 171 173 55 458 243
27 67 488 73 6 115 255 104 187 32 527 675
1212 337 153 63 395 49 415 702 79 49 337 153 64 702 337 153 63 490 42 641 602 42 39 337 153 64 1015 337 153 63 395
294 22 49 43 299 979 192 94 443 238 162 96 36 22 49 43 299 979 54 47 279 238 162 96 262 238 162 96
230 243 230 243 77 236 125 943 384 486 177 905 224 68 453 456 177 225 224 232 29
535 99 121 176 302 416 73 81 176 302 416 146 35 220 243 228 146 35 139 154 140 119 31 139 154 140 53
113 116 123 460 127 185 189 284 405 189 141 102 339 177 142 295 239 224 284 271 185 189 141 232
739 231 572 254 687 459 572 254 687 459 966 465 687 459 966
270 187 221 383 213 227 221 208 221 383 213 227 221 208 221 191 110 227 221 483 508 187 221 191 110
420 22 64 199 420 63 39 641 329 9 34 505 200
38 520 88 19 269 208 269 221 149 174 158
77 305 142 172 718 305 51 718 339 217 822 113 217 257 718
18 47 100 16 141 18 47 5 183 30 130 155 134 183 30 130 90 29 134 183 30 130
344 5 313 123 389 90 122 51 28 84 376 88 18
346 255 156 150 71 145 56 12 115 150 58 23 115 150 71 106 81 115 150 1 112 23 81 98 115 92 439 94
91 903 60 91 207 968 14 30 94 649 60 91 22 291 623 97
17 459 224 354 128 613 523 697 52 128 978 415 1317 415 622 52 60 468 160 588 155 1100
28 18 47 100 141 18 44 47 16 141
36 84 73 93 23 552 42 256 330 188
233 198 269 82 158 82 116 106 59 224 53 46 90 59 112 177 93 53
64 425 13 503 226 435 744 435 543 721 543 767 252 42 308 2219
256 22 64 166 329 9 34 116 68 9 34 116 610 75 151 568 953 22 63 310 329 40 33 155 68 40 33 155
137 139 17 220 137 34 236 220 79 13 236 137 220 139 137 99 137 139 137 147 139 84 147 73 147 84
119 31 124 152 119 31 243 119 31 154 119 31 121 106 21
16 9 216 88 371 131 772 231 74 356 108 213 310 114 772 231 74 356 108 213 371 131 861 116 828 252 791 468
16 77 1277 460 135 130 17 54 200 258 540 288 1059 142 216 52 168 111 325
12 1 293 15 4 8 1 163 15 3 21 1 149
135 57 12 26 12 70 23 466 98 81 249 466 98 81 198 188 12 81 115 1 119 35 26 241 99 12 80 26 1 132 31 35
98 21 67 70 125 23 158 35 1 99
147 84 73 104 73 84 104 147 1240 800 82 53 73 147 73 139 84 137 139 147
48 208 105 383 130 108 213 162 56 175 61 191 76 47 110 238 149 175 61 281 162 56 191 187 105 233 11 47 129 205 86
267 31 81 98 197 481 152 14 62 127 197 189 437 31 1 412 28 45 5 45
6 82 132 6 82 132 27 82 132 27 82 132 27
73 146 139 147 146 73 147 146 73 146 139 705 81 139 1468 26 139 147
66 58 249 261 71 66 58 135 66 58 73 125
148 177 185 47 177 189 44 177 216 88 177 295 431
137 57 478 29 9 81 26 73 298 78 33 220 535 220 535 2 142 78 33 220 535 58 150 25 121 322 77 20 220
71 99 25 139 15 84 32 99 25 433 16 195 84 281 131 102 72 54 87 12
119 191 40 102 209 350 177 309 453 185 185 134 69 177 29 157 350 114 126 321 77 78 185 185 189 54 77 78 102 282 50 79
214 602 1922 800 560 2002 50 493 126 602 401 511 1560 798 1872 803 523 413 612 153 602 114 4145 927 798 1357 223
65 7 72 199 113 127 160 87 257 252 650 197 54 54 252 123 113 197 127 356 166 396 116 72 72 166
788 116 77 447 676 958 115 71 264 115 71 264 115 71 386 116 77 685 166 114 207 522
618 19 37 137 27 314 124 293 121 82 154 535 109 124 201
165 65 284 34 576 177 165 65 284 34 576 177 68 161 284 34 576 177 68 161 284 34 431 126 22 650 270 22 64
95 352 1277 168 460 114 15 174 282 144 142 69 194 79 13 131 50 131 182 53 194 40 5 90 29 90 346 87 551 130 50
52 134 29 591 25 1 316 230 24 23 230 24 23 135 15 70 124 38
116 741 884 741 884 265 771 575 943 1399 297 486 895 74 905 1191 116 68 368 739 1399 74 486 895
21 167 21 59 21 288 59 21 167 21 59 21 337 59
97 52 91 1198 113 812 194 45 123 180 42 13 110 472 180
1493 42 13 499 50 13 364 348 50 13 364 348 50 13 623 111 13 318 623 42 13 341 484 50 22 14 484 111 75 60 499 649
258 51 572 47 5 17 460 919 214 722 230 740 54 136 209 540 71 258 110 313 191 569 13
13 114 39 402 79 13 39 114 79 13 39 701 60 203 60 1122 194 50 79 665 194 50 79 391 50 79 14
9 113 261 116 9 113 261 116 9 113 261 116 9 113 261 116 9 113
112 59 48 56 86 238 162 96 109 48 59 112 238 162 96 46 53
162 115 428 527 208 227 71 418 115 150 557 337 232 854 460 105 27 10 200 27 4 105 27 10 105 27
411 732 36 22 64 791 268 313 78 20 5 576 411 732 310 285 9 34 172 22
58 106 37 73 147 302 287 221 66 58 106 37 73 220 535 287 221 66 58 106 37 73 230 575 287 221
104 125 58 562 46 228 53 140 104 125 99 55 104 125 53 140 46 228 58 562 46 228 53 140
122 63 102 189 122 9 102 40 127 47 126 102 127 47 29 102 77 185 85 166 69 185 85 120 69
100 40 806 292 1 1679 459 1 298 16 116 718 217 1 156
162 150 1 480 81 24 71 15 57 70 83 302 229
68 573 155 133 65 51 133 127 16 657 160 133 65 51 133 51 492 160 133 65 51 141 74 69 16 87 90 127 16 113
159 31 2 200 38 19 31 1 105 38 56 12 105 38 777 834 1 311 122 86 45 117 8 61 8 41 778 153 778 100 896 19
154 124 158 32 316 125 124 96 83 137 255 158 255 83 137 80 1 176 32 158 163 55 176 255 158 145
9 41 1048 255 2200 255 536 64 30 1774 255 961 255 721 10 6 37 207
36 39 787 337 36 702 79 39 378 79 39 756 168 104 59 82 337 267 82 393 104 53 119 247 79 46 112
113 87 120 173 281 252 259 912 116 68 51 89 357 30 36 22 442 36 113 127 50 87 573 90 133 184 51 54 144 688
123 113 288 169 113 120 127 113 199 232 113 114 127 113 194 225 113
27 21 38 67 1 269 19 21 31 26 1 198 15 1 287 66 35 121 1 147 98 1 146 35 1 149 21 37
31 556 18 456 62 333 18 456 62 677 43 1085 44 652 31 556 18 189 220 397 17 169 7 365 13 791 17 677 43
39 334 393 50 42 39 484 22 14 550 50 42 39 334 400 22 14 550 50 42 39 334 400 22 14 550
999 672 265 615 575 654 253 740 931 540 209 404 314 527
46 38 35 25 32 4 191 76 85 29 40 7 68 504 155 210 38 26 57
1063 560 277 212 369 1269 278 95 52 128
1209 576 641 757 571 1094 853 379 897 139
819 114 1138 50 1199 36 256 940 114 391 402 123 169 131 232 225 120 225 333 131 532 532 523 532 333 225 225
64 101 969 75 151 206 766 64 101 841 22 64 101 370 589 75 151
43 299 133 68 51 45 268 65 43 299 51 315 90 118 522 51 54 65 51 184 76 275 588 155 193 684 68 89 54 89 88
46 3 1 56 12 32 58 8 1 53 32 15 82 3 23 1 105 15 43 138 4
421 7 486 9 69 110 29 69 110 29 69 110 29 169 74 7 65 44 116 65 44 116 65
446 520 338 50 438 125 373 569 261 196 148 44 215 4 44 339 375 373 50
13 88 299 666 979 679 120 126 42 101 171 467 714 655 4
129 13 113 127 30 123 339 152 9 69 365 17 69 339 7 69 356 9 72
19 4 35 1 175 25 55 314 1 46 55 58 24 109 4
1193 95 75 103 697 75 103 968 30 75 60 639 30
17 5 16 1489 462 5 40 29 2183 3 40 29 41 958 41 462 34 40 29 157 40 29 41 788 41 462 5 16 107 1 722 70
505 247 1212 1013 379 420 22 64 702 666 126 22 64 446 411