8 482 75 60 91 2 117 32 4 304 79 14 285 17 306 30 1 58 10 12 583 103 118 1 338 39 43
149 520 149 86 149 846 64 892 344 105 496 149 258 149 537 344 105 149 311 149 105 293 1107 855 892 132 311 135 328 135 233 298 109 132 109 82 119 82 1504 49 727
448 114 36 22 210 12 23 2 210 12 23 41 633 12 23 41 544 8 23 1 82 12 2 939 347 266 219 167 8 23 1034 8 23 41 1030 649 111 22 14 15 6 4 522 830 7 15 6 4 1 201 5 2 358 120 95 75 60 676 744 41 402 36
461 117 115 1 48 8 1 48 8 1 547 65 7 11 68 136 8 2 921 347 296 647 1269 111 97 325 41 1140 296 212 369 1461 97 52 128 1523 89 136 1 1109 266 219 599 1382
105 149 327 149 221 1108 20 151 128 643 529 109 149 201 149 529 149 327 149
141 282 451 88 1 59 8 23 115 308 2058 37 66 24 31 1 659 118 207 271 95 1001 118 207 271 95 308 1757 150 317 9 7 183 17 202 68 9 7 11 704 116 29 22 14 30 343 58 202 68 9 7 68 17
1 429 602 650 141 257 602 533 1 659 821 2052 885 1878 522 2426 646 467 171 396 1 429 606 1 53 1 429 602 49 638 270 1 211 507 522 378 1441 522 182 87 602 638 270 1 211 507 522 378 606 301 299 182 87 1 621 85
1 201 167 1 643 36 63 14 2 437 15 27 4 1 450 15 27 4 1 412 7 78 20 7 636 60 235 97 60 2 652 35 1541 984 686 1891 435 152 708 3011 42
721 435 646 604 721 435 646 60 35 604 897 154 228 2 167 35 55 154 228 1 281 1096 301 299 543 936 503 829 299 543 503 829 299
117 48 325 50 42 13 48 65 17 90 180 58 10 19 5 30 186 7 20 144 58 4 158 70 6 385 36 22 39 116 65 7 116 563
19 137 188 2235 92 15 3 260 15 3 374 36 13 689 15 3 149 15 3
8 137 140 3 8 268 48 8 35 48 8 154 55 140 154 55 1050 48 8 26 48 8 435 543 213 543 48 8 48
4 109 4 109 4 109 4 109 4 109 4 109 4 109 4 109 4 109 4 109 4 109 4 109 4 109 4 109 4 48 21 48 21 48 21 48 21 48 21 48 21 48 21 48 21 48 21 48
98 164 1110 203 235 372 319 507 41 1373 470 277 1205 14 336 530 7 45 164 1176 203 95 27 14 88
4 162 12 58 4 12 162 2 107 4 27 8 227 15 27 4 8 227 293 15 27 4 8 227 15 27 4 8 293 15 27
214 542 783 372 128 248 1178 235 75 430 190 28 76 282 101 892 278 168 1500 77 78
1 104 193 1028 1439 2 356 108 39 525 47 10 1 659 207 2649 920 2 216 94 39 1 383 88 39 2 492 91 207 2 216 94 152 1 792 39 43 291 39 43 2 406 60 91 70 9 14
519 36 63 14 5 28 128 136 21 12 184 36 63 14 174 28 18 344 48 304 42 13 49 48 136 181 18 47 93 304 42 13 49 12 26 7 93 35 429 108 52 68 180 42 5 28 42 13 161 7 133 50 42 13 63 14 43 300 180 42
3 8 70 31 181 9 7 23 93 181 23 31 186 73 181
347 296 212 473 159 3 181 215 256 285 33 7 27 4 277 380 219 377 240 4 311 204 430 256 42 13 19 3 159 3 450
48 21 48 21 48 21 48 21 48 21 48 21 48 21 48 21 2 374 36 245 13 283 49 477 21 369 377 48 21 48
58 23 86 31 61 8 86 31 48 26 58 23 86 31 58
14 22 30 1 58 298 217 18 17 6 138 1 547 548 22 14 30 830 167 338 14 30 548 271 983 7 11 138 400 385 130 14 30 592
120 42 101 14 101 2 506 63 49 43 595 51 240 1 565 36 63 14 1273 100 34 20 34 280 159 24 21 1 450 263 74 62 42 7 62 481 74 72 62 45 242 1 585 28 33 28 18 389 161 28 18 122 389 195 7 18 122 345 1
23 878 91 52 70 118 1225 1043 1 880 1978 1721 795 2785 8 23 139 26 12 1674 545 332 164 873 8 31 53 23 1541 332
111 1 181 9 7 117 9 7 117 1 479 75 103 1 58 15 10 2 406 111 60 2 68 9 7 68 9 7 1 583 103 118 830 17 18 70 52 91 873 11 406 60 91 3809 573 103 2172 10 512 60
328 62 327 148 311 122 328 62 311 122 327 148 568 401 235 75 524 311
148 119 423 328 62 106 81 311 122 106 81 526 62 27 67 270 613 523 278 168 109 67 327 148 311 122 119 423 328 62 106 81 311 122 526 37 972 542 523
490 43 283 49 43 283 49 43 283 49 43 679 252 120 391 42 14 754 74 72
592 307 393 94 307 856 64 30 248 511 383 307 648 75 39 118 511 439 182 727 248 39 108 462 552 210 386 17 18 232 303 11 76 232 388 43 94
717 226 24 81 109 67 105 38 132 37 908 71 10 221
11 12 383 404 83 419 251 139 629 2 65 18 7 18 23 73 58 23 186 14 30 44 251
7 117 186 7 117 547 117 186 7 117 186 7 117 547 117 186 7 117 186 7 117 534 117 201 5 117 201 5 117 547 117
123 1096 301 299 543 26 503 829 299 543 503 829 299 140 212 503
41 525 85 270 41 544 93 35 146 31 1 59 320 45 119 21 1 59 565 143 60 118 1 311 7 18 2 133 20 7 62 463 42 14 101 364 72 189 72 159 1 388 120 95 143 669 300 107 51 27 4 133 437 15 27 4 12 1 450 167 12 67 1
22 30 445 17 577 114 36 22 43 114 17 65 179 10 142 10 51 9 3 10 142 16 5 10 343 6 51 9 10 577 77 36 22 29 592 39 226 142 51 13 108 142 25 324 16 43 25 138 29 5 409 50 97 52 88 25 3 425 25 3
109 4 27 4 109 4 28 18 109 4 109 4 4 8 48 21 7 11 48 21 48 21 52 49 48 21 48 21 48 21 48 8 91 48 8 48 8 48 8 48 8 48 8 48
197 92 32 24 159 149 19 914 292 1 585 100 100 40 33 1 627 197 100 20 34 159 149 19 24 627 197 100 20 34 159 149 19 24 585 100 40 33 335 31 104 67 585
5 117 201 13 117 547 117 186 7 117 186 14 117 547 117 186 7 117 186 14 117 547 7 117 186 7 117 338 14 117 648 138 233 18 138 233 18 138 547 117 186
322 51 5 28 1 304 42 13 501 48 479 143 60 780 49 43 528 396 28 5 54 141 182 1 376 111 97 52 1019 180
48 10 48 10 48 10 48 10 48 10 48 10 48 10 48 10 48 10 48 10 174 17 2 102 62 173 38 366 44 136 10 191 76 210 37 106
53 84 620 60 91 52 1154 69 72 354 52 128 2 399 128 118 193 2 452 52 60
219 377 1101 266 219 377 1343 266 219 377 1286 266 219 377 1357 207 60 766 204 87 1046 219 361 377 545 1415 219 361 377 545 1101 52
450 201 34 28 45 1 450 481 120 42 101 14 101 2 389 16 63 49 595 51 240 70 199 36 63 14 1 529
257 571 14 257 571 14 257 204 190 87 921 49 190 18 257 357 190 257 357 190 257 357 87 1249 39 101 190 497 328 311 439 621 717 722 456 390 1507 888 1175 270 467 2599 1879 2497 1782 1098 1574 1569 308 1606 44 116 2 144 5 17 44 2 113 74 7 11 2
84 1165 277 266 361 26 429 576 299 446 226 378 94 167 10 138 14 30 8 82 186 8 82 196 11 191 58 12 191 201 5 11 82 86 10 82 86 3 11 18 86 167 186 7 30 4 338 186 285
111 97 52 1019 180 501 70 95 52 128 945 112 53 84 620 60 91 52 1154 69 72 354 52 128
146 35 53 84 80 15 27 98 93 372 319 242 15 27 655 15 27 655 15 27 655 15 27 2 260 15 3 2 260 15 3 2 68 20 5 2 117 19 3 163 92 15 3 2 345 27 80
342 15 109 59 53 59 109 1115 342 15 109 59 53 59 109 1747 528 3 112 53 84 53 112 1747 528 3 112 53 84 53 112 1516 489 4 119 93 99 93 119 1516 489 4 119 93 99 93 119 1747 528 3 112 53 84 53 112 1747 528 3 112 53 84 53
5 11 2 142 16 9 2 142 16 9 2 134 5 11 2 134 5 11 2 142 16 9 2 142 16 9 2 134 5 11 1 367 258 5 11 1 367 373 43 2 89 28 18 2 89 5 28 18 2 463 97 60 13 14 101 88 308 1933 571 245 63
450 481 120 42 101 14 101 2 389 16 63 49 595 51 240 70 199 36 63 14 1 529 100 20 34
18 262 320 18 254 388 393 374 172 54 320 107 163 28 5 18 56 170 18 53 5 28 276 3 170 54 44 107
88 72 331 713 431 72 848 203 235 60 101 88 1225 431 204 1373 560 277 1095 87 164 1176 278 95 369 43 356 396 190 493 707 680 748
19 3 347 296 212 473 159 3 201 183 318 285 33 7 27 4 277 380 219 719 240 4 311 204 430 285 5 28 21 12 95 52 128 234 267 12 174 141 51 33 7 95 143 60 372 530 72 89 100 5 3 21 278
501 3 8 364 273 2 180 22 599 14 30 417 136 8 329 461 117 115 1 48 8 1 48 8 1 547 65 7 11 68 136 8 2 403 95 52 128 118 2 273 15 4 8 12 2 290 43 36 13 49 43 285 72 18 136 2 353 97 60 193
16 41 558 451 769 98 1520 891 100 16 5 260 15 3 374 36 13 689 15 3 149 15 3 365 301 92 15 3 260 15 3 87 153 36 13 123 225
152 299 378 446 152 83 95 333 257 446 152 83 606 70 47 399 301 299 543 503
446 226 378 94 167 10 138 14 30 8 82 186 8 82 196 11 191 58 12 191 201 5 11 82 86
18 94 46 102 87 70 13 30 194 1203 332 325 1019 144 181 499 131 50 215 183 925 75 60 1365 75 60 623 290 304 89 82 376 131 50 42 39
39 53 53 53 53 53 211 56 170 9 17 53 170 12 186 12 53 82 53 211 186 7 11 383 404 83 419 251 139 629 2 65 18 7 18 23 73 58 23 186 14
130 395 326 233 104 597 11 148 413 108 511 94 871 52 39 130 413 346 251 449 103 206 234 592 307 393 94 307 856 64 30 248 511 383 307 648 75 39 118 511 439 182 727 248 39 108 462 552 210 386 17
23 139 26 12 1674 545 332 164 873 8 31 53 23 1541 332 212 164 994 267 70 26 792 41 897 359 84 93 53 46 53 82 743 881 378 331 164 922 23 35 26
97 52 378 190 152 881 88 108 550 16 5 28 18 1 375 43 190 430 14
141 5 107 344 127 28 197 5 184 174 18 46 3 48 12 8 3 170 53 2 334 14 50 22 563 348 343 181 133 115 29 61 70 162 1 198
593 545 768 1689 38 23 35 129 795 2549 75 103 118 1 58 10 12 41 701 75 60 118 1 145 6 4 12 1 145 6 4 12 1 61 56 1165 414 212 777 696 410 615 259 653 251 458 1080 347 414
7 563 116 50 22 14 6 4 138 4 312 563 50 22 60 6 4 138 4 303 202 20 5 145 25 6 704 166 14 25 303 25 304 22 25 303 334 3 304 22 14 29
29 20 5 127 573 80 25 15 27 242 25
522 2426 646 467 171 396 1 429 606 1 53 1 429 602 49 638 270 1 211 507 522 378 1441 522 182 87 602 638 270 1 211 507 522 378 606 301 299 182 87 1 621 85 270 490 47 178 664 372 319 1001 122 85 757 171 525 270 167 59 18 178
42 101 14 1 643 63 14 43 1 699 97 60 206 894 167 267 1 514 42 14 101
655 1 617 159 167 8 159 136 21 70 203 72 11 159 69 45 159 70 4 1 46 2 179 9 14 30 461 1 48 8 2 138 2 138 1 186 271 14 30 117 138 136 8 544 8
106 105 856 39 30 130 244 258 244 233 11 76 106 105 648 13 39 200 298 200 174 17 105 135 648 13 39 107 298 107 186 34 56 135 727 22 13 39 200
234 413 346 259 648 39 43 108 633 520 94 18 210 727 13 39 248 283 439 307 386 9 18 1 597 118 422 734 3134 17 18 129 1 303 11 76 129 1 388 43 94 226 871 234 13 130 39 130
48 21 48 21 48 21 48 21 45 47 48 21 48 21 12 67 48 8 12 67 48 8 30
164 1205 4 63 14 240 4 201 7 172 14 430 14 1097 212 369 708 2721 136 1 174 1 149 1 174 161 2 260 1 109 1 496 689 1 311 89 159 1 163 1 61 19 1 181 20 1 61 1 61 19 3 1 181 20 5 2 360 133
33 1 320 80 61 56 191 27 182 211 92 15 3 260 15 3 730 184 16 5 689 15 3 182 100 15 3 56 3 112 93 93 80 25 6 1 730 145 25 6 242 16 9 260
86 31 59 35 56 12 82 57 58 23 56 12 58 23 82 57 61 8 86 31 48 26 46 55 48 26 46 55 86 31
86 3 61 13 58 4 181 201 5 68 86 8 583 7 25 23 93 181 23 375 31 73
72 11 40 167 8 196 62 182 10 730 103 113 129 556 261 756 419 261 615
54 11 107 53 3 609 14 50 22 368 44 175 400 297 6 155 207 300 417 345 198 381 28 5 16 5 195 8 163 15 12 1854 777 70 100 31 170 44 87 26 170 45 35 491 14 111 91 98 343 213 180 65 59
3 260 15 3 260 844 153 36 13 873 92 15 3 149 15 3 72 344
72 183 430 364 2 354 60 118 372 700 60 118 372 1 56 2 107 1 294 430
174 44 28 179 107 88 13 49 454 344 107 529 36 49 153 373 326 112 159 70
276 3 170 54 44 107 1 149 88 13 49 529 184 56 519 36 3 28 252 326 141 5 107 344 127 28 197 5 184 174 18
48 21 48 21 48 8 48 8 48 8 48 8 48
117 201 5 117 201 5 117 534 117 201 5 117 201 5
9 17 107 170 22 39 51 65 233 56 1 181 9 14 68 186 68 9 7 117 61 5 4 68 373 174 61 46 1 338 60 91 461 338 4 11 196 69 123 373 13 91 84 84 281 89 23 48 23 1599 23 86
53 23 878 91 52 70 118 1225 1043 1 880 1978 1721 795 2785 8 23 139 26 12 1674 545 332 164 873 8 31 53 23 1541 332 212 164
56 12 58 23 59 35 86 31 61 8 86 31 59 35 86 31 61 8 59 35 86 31 61 8 59 35 86 31 61 8 56 12 135 10 56 12 58 23 82 57 58 23 86 31 61 8 86
45 181 191 23 68 289 11 181 141 18 487 28 18 358 290 326 374 51 48 112 15 1 322 18 5 28 56 1854 834
56 12 112 98 109 67 112 98 109 67 56 12 86 31
206 193 319 167 399 873 37 31 35 2 54 128 193
353 215 54 69 354 52 128 1 322 51 5 28 1 620 52 60 91 1154 69 72 183 49 43 528 396 28 5 54 141 182 1 529 95 97 52
36 63 14 2 437 15 27 4 1 450 15 27 4 1 412 7 78 20 7 636 60 235 97 60 2 652 35 1541 984 686 1891 435 152 708 3011 42 101 14 1 643 63 14 43
48 10 17 62 48 10 48 10 8 38 48 10 62 44 48 10 48 10 3 10 48 10 11 76 48 10 48 10 10 37 106 8 17 62 106 8 106 8 151 30 106 8 106 8 106 8 106 37 206 106 37
186 73 181 9 7 45 117 23 181 9 7 44 68 23 249 181 9 7 73 50 59 45 201 5 180 31 86 31 89 5 45 117 8 304 20 5 11 8 364 5 11 117 46 135 95 75 12 53 298 12
659 207 2649 920 2 216 94 39 1 383 88 39 2 492 91 207 2 216 94 152 1 792 39 43 291 39 43
328 62 327 148 311 122 328 62 109 67 327 148 366 270 526 37 972 798 494 542 327 148 311 122 106 81 328 62 27 67 109 67 327 148 109 67 119 423 328 62 327 148 311 122 526 62 311 122 327 148 119 423 328 62 401 235
7 117 186 7 117 547 117 186 7 117 186 14 117 534 117 201 5 117
159 3 41 530 18 167 12 143 118 167 12 245 30 574 28 240 21 278 128 240 21 41 501 3 2 159 3 164
8 137 140 3 8 268 48 8 35 48 8 154 55 140 154 55 1050 48 8 26 48 8 435 543 213 543 48 8 48 8 48 8 48 8 435 48 8 48 8 48 8 213 48 8 48 8 109 4 152 109 4 109 4 109 4 109 4 109 4 109 4 73 27 4