72 85 72 85 167 35 196 85 72 85
287 132 1 287 221 1 135 1 132 1 554 1 293 132 1 293 109 1 293
1 264 287 1 208 66 32 27 10 2
293 37 293 18 549 37 293 18 549 37 198 18 345
657 1086 573 1043 503 536 440 1015 1086 440 503 536 185 257 2 573 1043 503 536 440
23 21 267 37 253 23 581 21 37 23 370 21 37 23 862 141 62 44 265 70 37 21
109 1 449 1 208 135 1 208 105 1 208 135 1 132 1 105 1 567
3 8 307 3 8 181 185 11 5 68 1059
38 2 762 235 143 151 128 248 734 4158 100 40 33 574
212 524 1170 296 427 524 1170 296 427 524 1170 296 219 524 1170 296 219 524 1170 296
113 185 339 539 551 76 113 503 462 663 39 539 551 102 399 148 123 113 185 339 539 551 76 339 744 558 134 77 108 403 353 782
1 135 1 132 1 554 1 293 132 1 293 109 1 293 132 1 105 1 109 1 449 1 208 135 1 208 105 1 208 135
121 847 159 4 37 1675 241 253 205 1 965 500 500 86 3 21 500 276 26 98 806 1 86 3 21 806 1 965 1
111 887 2 901 513 494 212 2 644 214 39 79 285 7 306 39 256 14 271 203 291 17
27 1 585 100 40 33 506 643 100 40 33 184 40 33 506 567 78 40 33
341 2 343 50 30 1 58 41 744 130 194 79 536 41 446 39 342 95 413 2 485 79 39 22 396 2 192 166 50 30
8 32 3 449 258 5 17 70 209 258 11 5 70 187 32
10 1 303 19 3 8 70 19 3 8 303 186 5 11 202 174 11 20 334 1773 2 202 20
273 15 1 322 20 2 273 15 1 322 20 2 584 1213 21 12 67 267 12 67 267 12 67 267 12 67 267 12 67 267
97 60 91 110 970 69 45 1 699 203 111 97 60 435 819 655 86 375 30 213 623 111 97 52 1 181 216 88 623
45 54 47 72 85 239 467 87 171 127 268 451 646 1767 1181 308 1995 557 619
298 87 17 44 142 102 18 44 142 53 23 10 1
78 9 1 250 386 77 77 78 9 2 305 77
2 51 33 7 2 51 33 7 2 51 33 7 2 51 33 7 2 901 212 369 638 239 1206 266
1463 1 579 100 40 33 1 386 77 78 33 432 218 92 32 27
163 18 140 618 163 387 163 62 736 1601 163 1472 163 28 273 163 62 273 269 18 154 316 269 45 387 269 598 955 269 37
293 109 1 293 132 247 153 79 415 200 240 1228 296 427 680 1442 97
965 500 500 500 868 1 1102 1 561 675 1 509 675 253 205 80 1 561 1 1396 205 80 66
33 17 1 208 66 32 27 10 1 264 287 1 208 66 32 27 10
800 79 17 326 439 614 281 397 532 746 1141 767 1191 1926 761 1083 1678 308 1794 1 249 1 249 1 249 1 433 1 433
3 2 222 32 3 2 222 32 3 2 222 32 3 2 117 32 24 2 117 32 24
898 593 600 768 898 1920 108 422 522 248 108 422 522 558 47 410
53 23 57 661 241 1 56 6 10 661 255 1 561 241 510 3595 1 56 3 10 997 1 53 26
78 33 731 579 40 33 100 40 33 596 386 77
77 78 33 432 218 92 32 27 1 585 100 40 33 506 643 100 40 33 184 40 33 506 567 78 40 33 589 132 6
58 15 4 385 167 15 6 476 138 15 4 250 436 59 15 6 449 32 24 10 70 32 24 10 386 70 32 24 10 70 209 105
71 1 135 15 19 41 362 20 33 16 1 56 4 27 416 394 19 27 4 15
690 130 774 101 499 30 685 114 126 22
1180 266 377 1195 97 206 938 63 43 1180 380 377 1195 52 193 938 22 43 1180 266
256 43 604 646 308 1750 152 336 431 239 451 336 431 239 451 27 37 764 336 431 239 451 336 189 913 152
383 545 413 331 413 94 1015 13 413 331 248 413 2 216 94 446 39 331
394 746 1 943 652 1 274 435 1279 41 1021 915 746 739 333 1288 308 1971 274 176 1 274 1 390 1 274 1 556 1 188 1
68 104 8 3 1 181 38 3 8 185
18 47 683 118 234 708 2554 42 13 30 308 1700 3 21 2
32 3 2 986 212 361 593 1106 52 103 248 1 304 79 64 1 304 79 64 1 181 40 34 1 424 79 64 1 424 36 22
85 72 85 72 85 167 35 196 85 72 85
257 702 525 87 263 524 133 78 20 500 133 78 20
27 37 764 336 431 239 451 336 189 913 152 1445 172 257 571 169 172 257 239 169 632 15
93 35 121 1675 561 93 35 121 1396 86 4 37 706 253 205 80
1503 994 157 1258 795 2553 1031 1116 964 964 308 1582 1 750 1116 759 1555 1114 734 2602 116 305 77 164 1255 135 579 177 164 980 2
2 222 32 3 2 222 32 3 2 222 32 3 2 222 32 3 2 986 212 361 593 1106 52 103 248 1
91 248 207 2 1064 151 91 248 207 1173 39 130 108 1309 2 728
110 164 1760 248 447 507 248 447 164 1581 178 232 129 1 147 81 1 941 234
2 305 77 78 9 1 250 386 77 78 9 2 305 77 78 9 2 305 77 78 9 2 305 77 78 9 1
293 2431 293 1 293 293 1 293 198 18 83 390 198 228 198 62 387 1234 198 1472 198 33 345 198 62 345 269 122
304 79 64 1 181 40 34 1 424 79 64 1 424 36 22 497 142 16 9 1 424 22 13 1 424 22 13 285
549 66 32 27 10 2 295 40 33 34 11 464 105 27 24 8 1 258 33
51 33 7 2 51 33 7 2 51 33 7 2
2 51 20 34 2 68 20 5 2 68 20 5 2 68 20 5 2 68 20 5 2 51 33 7 2 51 33 7 2 51 33 7
139 480 474 729 1153 916 480 1340 916 480 715 616 236 147 480 308 2158 457 666 732 813 947 124 243
36 63 1076 277 380 1215 95 97 1002 36 63 1076 277 380 1461 97 60 1089 42
369 47 239 123 340 525 169 340 1093 219 332 110 42 14 30 886
2 696 1 390 2 652 1 556 1522 164 1701 316 1 943 652 1 1039 1279 41
1140 296 427 1461 97 52 1089 42 64 1140 296 427 1215 95 151 1002 36 63 1076 277 380 1215 95 97 1002 36 63 1076 277
451 336 431 239 451 27 37 764 336 431 239 451 336 189 913 152 1445 172 257 571 169 172
208 1896 32 3 10 1 449 32 3 8 70 32 8 3 449
6 24 165 9 34 581 516 77 78 33 731 579 40 33 100 40 33 596 386 77 78 33
554 328 21 10 109 439 10 311 24 328 24 135 27 109 344 6 311 79 112 614 320 311 105 21 112 10 478 258 10 24
109 1 449 1 208 135 1 208 105 1 208 135 1 132 1 105 1 567 1 287 221 1 287 132 1 287 221 1 135
15 336 431 239 169 336 189 239 169 523 27 607 189 239 169 340 336 189 1213 190 594 87 127
542 296 219 215 204 141 123 72 141 239 204 470 542 296 219 141 127 204 141 87 72 107 3 21 1047
118 234 2 403 100 594 128 118 234 1856 377 600 1783
305 77 78 9 2 305 77 78 9 1 250 386 77 78 9 2 305 77 78 9 2 305 77
78 9 1 250 386 77 78 9 2 305 77 78 9
1158 2060 4 41 3816 692 1288 1394 1158 2033 3597 1272 316 390 472 869 1279 41 1021 394 316 1 943 1
727 111 75 60 1 727 111 75 151 1 1322 494 414 212 1482 214 168 52
403 214 95 75 8 37 12 84 46 37 18 47 87 113 47 129 87 123
275 1659 768 1023 984 719 768 1023 984 2002
8 26 181 123 11 76 68 26 8 38 69 76 47 68 11 76
2 222 32 24 2 222 32 24 2 222 32 3 2 222
92 2 345 80 1 198 92 2 202 90 334 96 1 175 96 1 145 2 242
250 386 77 78 9 2 305 77 78 9 2 305 77 78 9 2 305 77 78
194 13 30 245 199 63 14 285 90 5 28 1 496 199 14 43 283 252 49 430 415 43 318 194 13 245 371 13 49 364 155 5
1081 76 47 164 1081 45 122 164 994 62 122 164 1081 45 122 148 164 1835 593 447 1299 734 3400 197 34 28 45 2186 224 17 62
35 335 31 26 35 335 31 26 35 263 37 31 26 35 335 31 26 35 231 389 37 31 26 35 335 31
882 214 95 75 2 144 77 16 9 403 214 95 75 1 617 111 95 75 2 133 29 16 9 463 111 95 75 1 597 95 75 52
42 30 41 378 276 396 36 13 49 131 69 357 164 938 50 42 14
32 27 1 585 100 40 33 506 643 100 40 33 184 40 33 506 567 78 40 33 589 132 6 24 165 9 34 581 516
2 343 50 22 14 308 1738 29 7 9 144 16 5 28 1 426 14 42 30 164 1252 2 172 13 49
78 9 2 305 77 78 9 1 250 386 77 78 9 2 305
172 451 172 239 1249 85 1130 15 336 431 239 169 336 189 239 169 523 27 607 189 239 169 340
91 1 1278 380 427 369 1562 63 64 49 1 428 63 34 28 102 244 1 1278 212 361 1309 52 103 1 727 75 60
368 74 29 9 2 305 77 16 9 795 3812 500 86 3 21 500 276 26 98 806 1 86 3 21 806 1 965 1 86 4 37 847
1 579 100 40 33 1 386 77 78 33 432 218 92
243 729 293 18 884 293 946 1816 293 2431
4 37 1675 241 253 205 1 965 734 3260 500 500
18 47 683 118 234 510 2106 18 47 683 118 234 885
1 208 135 1 132 1 105 1 567 1 287 221 1 287 132 1 287 221 1 135 1 132 1 585 1 218 293 1
4 385 167 15 6 476 138 15 4 250 436 59 15 6 449 32 24 10 70 32 24 10 386 70 32 24 10 70 209 105 24 10
45 54 47 72 85 239 467 87 171 127 268 451 646 1767 1181 308 1995 557 619 519 428 327 320 367 38 855 101