237 414 212 103 248 440 108 650 44 440 108 62 69 366 44 185 47 440 108 650 44 185 47 339 237 551 52 30 189 44 439 91 248 431 858 91 191 1348 347 414
164 1690 158 3 4 19 46 3 4 19 2 300 68 300 29 86 159 48 59 8 1 58 10 279 1 424 113 7 17 18 9 16 142 16
72 636 203 7 101 88 152 204 431 88 152 360 595 278 28 43 190 301 357 257 190 301 263 28 640 223 5
37 1 386 159 24 10 37 1 635 159 24 10 37 1 579 200 24 8 1 635 200 24 8 1 449 200 3 10 1 635 200 3 10 1
343 295 64 237 165 22 94 295 78 62 929 166 142 363 39 226 142 343 30 213 142 363
14 101 120 70 91 203 97 60 881 120 42 14 1 763 128 95 278 1082 28 16 153 998 143 118 883 56 33 12 471 95 143 60 697 143 342 60 883 1 56 21 27 238 479 128 143 613 1 201 5 11 29 159 3 11
411 137 722 186 17 18 1 620 52 103 91 396 47 93 127 234 182 191 622 52 103 8 606 26 31 525 108 87 46 2 986 266 60 582 94 429 173 136 30 7 174 138 1109 582 94 429 173 769 110 85 484 225 181 9 7 148 99 419 303 148 99
565 23 83 125 35 617 170 18 207 22 14 335 107 11 167 315 9 12 6 4 1 519 65 7 18 44 16 85 18 44 16 138 2 410 286 2 916 57 2 202 74 35 55 125 228 359 110 261 421 482 204 22 696 26 615 23 41 609 90 110 45
171 138 10 12 148 270 268 330 55 125 1 58 4 8 35 55 125 1 99 55 125 1 58 4 8 152 213
200 3 4 8 1 658 200 3 4 8 1 412 200 3 4 8 1 658 200 3 4
86 3 10 26 57 1 249 85 159 3 10 93 26 792 319 117 6 4 72 44 117 6 4 59 23 327 44 246 6 24 1 233 122 17 122 141 148 66 6 24
776 214 650 44 69 76 216 130 413 101 539 235 75 101 94 382 76 1350 332 186 350 758 168 52 996 30 511 30 1348 347 427 30 130 612 237 233 69 130 108 755 650 44 440 108 650
125 35 23 1996 1409 1050 920 2 133 60 792 338 417 338 59 46 436 116 17 116 251 211 9 77 251 15 10 2 65 182 10 94 397 176 715 250 26 35 55 1 426 173 4 3 25 2
429 94 6 10 12 461 10 12 1 53 26 1 93 81 6 10 12 1 73 35 1 73 35 6 4 8 1 73 35 1 491 152 6 4 8 461 4 8 1 186 7
1348 414 332 779 78 1680 168 91 407 308 1766 18 69 45 87 44 182 23 6 10 12 1 53 23 1 429 94 6 10 12 461 10 12 1 53 26 1 93 81 6 10 12 1 73 35 1 73 35 6 4 8 1 73 35 1 491 152 6 4 8 461 4 8 1
154 316 580 61 845 70 20 594 49 43 190 707 16 537 43 190 689 149 954 834 1 711 13 49 88 477 89 537 47 54 149 621 14 203 473 420 7 37 159 72 62 19 117 3 8 482 5 88 8 477 89 383 47 136 86 1 170 7 18 122
4 8 69 85 138 4 8 46 35 383 152 138
517 160 315 41 499 1 376 1 724 477 21 12 48 21 12 48 21 12 371 321 28 18 1 376 2 348 1 724 477 21 12 48 21 12 48 21 12 254 1 381 5 28 18 1 475 19
21 1 56 12 83 1 317 25 8 31 55 26 133 61 1 58 8 23 4 29 200 70 6 4 8 230 23 35 55 274 31 1 386 299 43 94 152 324 556 18 44 85 170 138 132 37 121 70 19 31 154 2 432 12 35 83 23 2
195 704 50 22 14 202 343 50 22 14 202 640 36 13 49 195 290 36 13 49 195 636 42 14 30 280 300 42 14 30 280 640 36 13 49 195 290 36 13 49 195 179 29 9 7 280 100 20 5 345 349 74 16
47 173 35 1 58 4 8 8 35 1 46 35 1
2 138 2 72 55 35 26 173 2 339 213 543 915 569 895 164 1690 308 1106 790 111 192 22 183 13 167 4 181 9 5 7 385 50 9 5 7 2 142
8 1 303 200 3 8 1 381 107 3 21 1 662 107 3 21 1 627 107 3 21 1 658 107 3 21 1 412 107 27 4 1 658 107 27 4 1 412 107 27 4 1 658 107 27 4 1 412 200 3 4
54 17 65 7 25 4 215 13 159 8 183 30 159 8 285 17 19 8 68 7 159 8
952 36 13 49 36 13 689 553 95 52 128 873 1112 15 369 72 607 613 95 1219 27 238 15 70 325
38 1 258 5 183 39 3 38 477 38 134 5 183 39 3 38 477 38 399 103 136 38 477 38 461 12 1 58 12 2
118 372 507 28 357 677 666 900 263 28 640 223 128 118 234 5 183 688 299 543 54
412 200 3 4 8 1 658 200 3 4 8 1 412 200 3 4 8 1 658 200 3 4 8 1 381 107 3 21 1 658 107 3 21 1 658 107 27 4 1 658 107 27 4 1 262 15 3 21
267 1 59 112 1 196 405 183 442 215 2 107 1 201 194 273 117 1 373 358 133 159 1 109 1 262 5 345 1 163 1 149 1 56 2 259 1 99 1 1236 144 184 56 136 1 188 1 99 188 1 99 1 552 252 374 742 2 259
406 67 124 282 73 121 515 38 142 62 129 222 37 9 57 232 1 147 1 643 63 153 101 130 190 874 41 787 265 78 64 130 94 842 100 122 438 2 113 129 17 76
70 278 143 60 118 1490 834 620 128 405 52 930 97 128 405 52 2 184 28
45 47 365 69 563 50 22 14 179 68 9 7 436 312 61 6 264 71 15 6 1 135 15 6 264 303 29 20 5 68 20 5 175 1220 9 7 11 60
71 25 19 26 55 99 99 407 262 47 356 322 77 29 20 1 312 330 61 6 4 110 176 715 303 171 578 181 9 7 70
1 86 3 10 47 129 1 86 3 10 26 57 1 249 85 159 3 10 93 26 792 319 117 6 4 72 44 117 6 4 59 23 375 94 117 6 4 417 6 4 1 383 138 4 8 461 4 8
15 9 5 17 36 13 39 172 406 52 103 36 52 103 245 343 36 65 22 102 17 343 9 11 7 24 29 9 7 180 406 60 91 50 22 60 391
545 599 9 920 792 215 50 55 674 77 16 419 172 114 411 304 42 22 89 110 29 657 583 565 43 304 42 22 617 354 298 16 30 59 204 22 61 6 19 192 74 16 349 565 211 617
4 8 46 35 383 152 138 4 8 72 44 138 4 8 17 47 173 35 1 58 4 8 8 35 1 46 35 1 58 4 8 44 85 1 58 4 8 23 35 1 281 129 138 4 8 85 110 2 138 10 12 43 226 87 129 138 10
8 30 88 501 10 8 1 174 45 159 10 8 7 44 210 26 1 86 10 8 10 26 1 82 26 1 86 10 8 47 268 1 86 10 8 26 154 1 289 110 159 10 8 53 57 383 152 138 4 8 69 85 138 4 8 46 35 674 319 138 4
207 65 65 7 11 368 58 875 217 116 77 872 789 194 131 50 749 14 30 94 332 545 319 331 30 94 368 481 85 110 261 638 110 261 226 455 577 9 17 103 118
7 17 77 182 2 334 71 8 19 4 1 59 82 1 86 3 4 8 255 1 426 330 4 31 8 19 25 145 46 55 25 1 188 21 100 458 15 12 2 445 8
60 219 332 1867 25 6 4 41 329 1 181 2 409 223 111 97 32 353 2 441 111 75 477 192 2 200 534 223 111
4 339 117 4 185 29 306 94 25 4 417 4 68 76 306 94 25 4 417 4 65 85 117 4 105 26 170 44 68 76 25 4 539 118 15 10 245 64 469 5 183 39 3 38 477 38 134 5 183 39 3 38 477 38 134 5 54 17 3 38 102
142 18 15 10 353 130 117 4 339 117 4 185 29 306 94 25 4 417 4 68 76 306 94 25 4 417 4 65 85 117 4 105 26 170 44 68 76 25 4 539 118 15 10 245 64 469 5 183 39 3 38 477 38 134 5 183
120 50 22 164 859 223 111 97 52 41 649 111 75 41 1052 347 296 1214 111 97 2 409 223 111 97 50 13 843 5 477 10 1 58 8
42 22 318 50 216 44 85 166 201 29 9 29 68 35 138 35 304 30 271 765 1050 99 3 330 4 298 16 30 68 17 47 76 186 29 20 47 70 116 85 11 44
29 790 317 9 29 9 303 343 170 17 131
9 351 110 88 152 437 83 514 197 31 35 1265 342 50 137 450 120 57 51 20 351 30 152 88 454 75 342 203 95 97 180 85 123 30 257 94 30 310 343 222
306 94 25 4 417 4 65 85 117 4 105 26 170 44 68 76 25 4 539 118 15 10 291 39 497 18 172 94 15 10 392 10 142 18 172 44 15 10 339 107 10
1 537 13 279 144 260 107 2 267 1 59 112 70 4 711 4 326 442 215 392 2 89 194 322 61 1 373 349 242 1 86 109 1 381 212 198 273 149 56
11 173 1 86 10 8 103 501 10 8 501 10 8 1 86 10 8 1 289
152 138 4 8 69 85 138 4 8 46 35 674 319 138 4 8 72 44 138 4 8 17 47 173 35 1 58 4 8 8 35 1 46 35 1 58 4 8 11 85 1 58 4 8 8 35 1 211 129 138 4 8 59 23 383 152 138 4 8 69 85 138 4
21 81 98 1 433 129 138 24 21 147 98 1071 692 246 27 10 642 27 10 642 27 10 1 346 178 246 27 10 23 121 1 146 124 1 109 21 38 67 124 1 146 124 1 109 21 38 190 457 634 21 38 1
37 2 455 19 3 4 37 2 455 19 3 4 37 2 481 19 3 4 37 89 5 7 62 645 27 4 8 12 31 466 2 195 299 630 299 630 299 807
6 138 547 2042 75 180 42 22 29 11 20 69 142
2 51 138 57 83 12 23 15 2 246 1 86 1 386 15 324 1 56 12 23 57
136 10 61 1172 138 4 461 4 396 44 6 4 189 45 69 76 6 4 282 43 107 10 257 94
65 34 17 18 678 3 10 37 38 23 527 2 309 457 804 457 804 457 960 200 24 8 1 635 200 24 8 1 579 200
290 194 13 36 42 352 16 476 424 50 174 294 412 16 7 58 298 25 15 6 197 20 747 777 60 196 317 16 304 42 13 89 405 610 203 298 16 9 54 196 317 7 48 170 203 60 205 3 294 22 310 201
461 4 8 461 4 8 1 58 4 8 4 1 191 138 4 8 1 191 138 4 8 1 73 1 58 4 8 11 1 58
347 168 62 44 69 76 216 130 614 282 101 327 102 101 94 327 382 76
120 42 331 30 42 120 42 2 374 252 13 42 13 442 252 13 42 13 683 971 143 95 1081 415 63 36 1 565 95 143 60 883 162 7 242 763 118 342 2 403 95 52 128 1291 70 369
1 99 228 312 29 74 85 275 421 1 105 1 59 286 57 6 124 2 200 124 228 25 80 6 35 2 305 116 85 171 44 18 1 56 1 56 12
43 13 872 1163 13 30 88 97 623 183 674 555 321 432 272 724 16 5 17 52 321 17 18 1383 197 11 45 47 639 88 108
6 124 2 200 124 228 25 80 6 35 2 305 116 85 171 44 18 1 56 1 56 12 6 3 211 9 5 1 56 338 53
159 10 8 102 47 159 10 8 82 26 439 108 159 10 8 54 45 159 10 8 7 44 210 26 1 86 10 8 10 26 1 82 26 1 86 10 8 30 88 501 10
16 476 424 50 174 294 412 16 7 58 298 25 15 6 197 20 747 777 60 196 317 16 304 42 13 89 405 610 203 298 16
52 130 612 602 382 539 168 52 103 2 1348 347 168 612 546 102 157 164 937 401 111 1032 248 1080 79 52 650 44 428 76 47 794 234 186 183 776 214 650 44 69 76 216 130 413
51 44 15 10 65 129 142 18 15 10 353 130 117 4 339 117 4 185 29 306 94 25 4 417 4 68 76 306 94 25 4 417 4 65 85 117 4 105 26 170 44 68 76 25 4 539 118 15 10 291 39 497 18 172 94 15 10 392
10 70 24 81 2 239 292 100 33 76 28 2 571 63 101 114 310 2 453 178 177 28 76 122 41 774 226 126 49 94 975 164 1554 235 336 350 102 584 78 33 24 17 2 589 153
9 1 428 13 39 130 41 395 14 43 108 1 105 4 12 26 105 4 12 26 2 172 13 39 94 1 56 48 82 73 294 13 39 94 41 245 22 39 41 402 22 13 43 510 1888
142 409 22 14 30 352 167 657 72 216 72 863 88 54 216 399 356 216 365 54 11 1339 22 39 43 22 39 448 406 22 439 439 43 43 339 44 448 22 192 43 43 102 11 82 790 29 9 7 22 14
69 85 138 4 8 46 35 674 319 138 4 8 72
339 117 4 185 29 306 94 25 4 417 4 68 76 306 94 25 4 417 4 65 85 117 4 105 26 170 44 68 76 25 4 539 118 15 10 245 64 469 5 183 39 3 38 477 38
249 85 159 3 10 93 26 792 319 117 6 4 72 44 117 6 4 59 23 327 44 246 6 24 1 233 122 17 122 141 148 66 6 24 28 81 189
11 5 7 42 765 229 115 135 290 194 13 36 42 352 16 476 424 50 174 294 412 16 7 58 298 25 15 6 197 20 747 777 60 196 317 16 304 42 13 89 405 610 203 298 16 9 54 196 317 7 48 170 203 60 205 3 294 22 310 201 51 514
10 37 129 270 2 240 21 38 130 301 185 178 240 21 38 104 98 614 301 240
286 139 286 1 175 80 228 35 55 125 2 180 173 55 23 35 9 7 1272 35 25 1 316 26 230 23 1 303 45 274 135 1 419 45 47 11 45 47 42 54 696 10 57 26 2 368 85 261 44 1 617 339 14 22 29 417
274 31 1 820 238 715 44 148 178 184 58 15 31 81 98 154 2 244 21 98 12 81 83 2 334 80 35 55 23 8 35 55 23 2
4 828 50 42 13 91 193 329 20 13 627 304 86 559 22 14 91 207
25 19 26 99 419 262 85 365 163 71 25 19 773 26 1 93 163 71 25 19 26 55 99 99 407 262 47 356 322 77 29 20 1 400 541 29 9 11 196 249 175 11 330 426 22 50 94 592
108 159 10 8 54 45 159 10 8 7 44 210 26 1 86 10 8 10 26 1 82 26 1 86 10 8 30 88 501 10 8 1 174 45 159 10
124 228 25 80 6 35 2 305 116 85 171 44 18 1 56 1 56 12 6 3 211 9 5 1 56 338 53 1078 238 94 28 374 267 6 12 16 138 1626 100 16 58 70 57 286 139 286 1 175 80 228 35
5 1 56 338 53 1078 238 94 28 374 267 6 12 16 138 1626 100 16 58 70 57 286 139 286 1 175 80 228 35 55 125 2 180 173 55 23 35 9 7 1272 35 25 1 316 26 230 23 1 303 45 274 135 1 419 45 47 11 45 47
166 94 5 50 7 9 69 133 9 29 9 1 393 16 17 20 100 34 100 379 138 72 33 17 78 224 762 63 39 126 337 5 343 29 9 227 464 29 136 114 271 29 3 674 126 161 244 106
195 179 29 9 7 280 100 20 5 345 349 74 16 9 7 164 909 203 95 75 60 1057 203 7 30 88 152 204 216 88 152 72 704 271 9 14 30 94 192
7 256 13 2 68 5 1 534 223 111 97 52 3 10 138 8 1626 786 41 649 111 75 9 7 331 30 1 174 11 1 1062 347 266 219 9 11 1375 332 903 111 75 60 843 1 156 25 6 4
219 14 30 873 11 352 11 649 111 75 60 219 332 1867 25 6 4 41 329 1 181 2 409 223 111 97 32 353 2 441 111 75 41 623 223 111 97 52 164 968 120 50 22 164 859 223 111 97
627 107 3 21 1 658 107 3 21 1 608 159 3 8 1 381 159
75 60 773 198 724 273 170 5 17 107
1 658 107 27 4 1 412 107 27 4 1 658 107 27 4 1 412 200 3 4
185 178 240 21 38 23 121 1 146 124 1 109 21 38 67 124 1
44 15 10 339 107 10 142 18 51 44 15 10 65 129 142 18 15 10 353 248 117 4 417 4 68 76 306 94 25 4 417 4 68 76 306 94 25 4 417 4 133 76 68 44 25 4 134
1 394 35 70 155 90 47 313 129 171 70 71 1 556 261 44 129 42 54 210 57 154 31 2 445 125 35 23 1 426 68 9 167 74 29 9 46
153 42 605 193 128 708 2278 14 43 606 63 87 85 122 2041 18 85 190 196 70 11 45 353 373 13 93 26 137 274 140 580 61 201 750 190 43 28 707 16 357 43 190 689 149 711 13
457 304 79 22 14 625 1 176 58 24 10 12 125 316 963 156 313 876 58 24 10 12 625 261 458 186 34 17 18 261 564 316 316 1083 156 261 677 186 34 17 18
634 1055 190 1445 109 750 21 38 776 307 98 346 178 33 267 240 479 14 43 190 606 63 571 18 85 72 1 191 45 353 373 13 93 26 137
645 15 3 21 12 2 645 15 3 21 12 1 170 5 28 18 624 19 3 21 31 2 624 19 3 21 31 2 455 19 3 4 37 2 455 19 3 4 37 2 455 19 3 4 37 2 481 19 3 4 37 89 5 7 62 645 27 4 8 12 31 466 2
118 15 10 245 64 469 5 183 39 3 38 477 38 134 5 183 39 3 38 477 38 134 5 54 17 3 38 102 76 134 5 3 38 406 151 138 12 461 12 65 34 350 39 6 12
107 3 21 12 1 53 1 56 3 21 12 1 93 1 56 3 21 44 1 56 3 21 45 356 159 3 8 1 86 3 8 1 86 3 8 2 72 44 102 47 173 35 1 58 4 8 8 35 1 46 35 1 58 4 8 11 85 1 58 4 8 8 35
20 5 11 334 1 1144 36 22 39 217 432 875 16