26 46 55 26 46 55 26 46 26 55 8 70 444 26 654 797 1262 1 46 124 55 243 228 314 1 176 55 57 35 26 23
32 1 258 457 295 44 164 1271 32 41 694 32
261 94 210 37 57 186 261 210 37 57 121 1 105 38 124 1 48 10 38 26 57 1
148 181 58 24 8 73 58 23 81 132 6 24 23 81 132 6 24 23 81 1 132 6 24 23 81 57 1 132 6 24
32 24 6 104 19 8 32 34 765 119 66 70 71 86 24 8 25 1 86 10 77 70 66 3 96 19 1
217 115 229 106 8 15 229 115 229 70 16 11 34 280 28
18 44 85 182 23 35 12 23 35 1 53 23 35 12 23 35 1 53 47 178 12 47 178 182 44 85 12 44 85 182
243 140 26 1 147 302 35 228 479 22 14 81 302 228 35 276 154 696 26 35 7 9 230
23 304 45 650 45 9 20 7 200 15 66 1 61 75 206 60 750 983 15 12 4 100 276
84 23 84 23 93 327 207 153 338 350 123 61 81 1 73 70 100 34 44 75 84 142 148 62 17 64 251 84 519
11 136 10 46 32 80 82 1 86 10 205 116 210 32 1 132 187 349 138 466 109 82 1 53 25 6
70 8 24 6 78 138 10 71 46 119 38 6 328 73 6
235 75 785 844 95 60 785 294 64 49 785 479 143 49 785 112 738 75 62 141 335 112 479 60
121 83 12 136 26 105 25 3 15 21 98 67 46 55 8 79 50 13 36 137 12 83 307
57 55 154 83 2 127 17 34 11 18 33 70 12 46 426 3
1 146 84 320 34 47 43 13 707 24 114
46 174 1 82 1 82 164 1209 34 15 1 46 66 3 674 235 52 1717 274 124 70 121 57 740 1 705 410 8
102 596 150 44 185 109 150 25 191 210 1 327 157 9 379 247 102 244 1 691 415 32
424 306 13 94 129 261 17 653 424 259 46 38 32 24 10 81 57 383 130 447 422 77 32 24 10 323 382 76 40
25 242 32 25 317 32 25 200 25 3 46 614 14 63 25 32 200 25
80 211 44 171 292 100 69 45 110 155 29 2 69 45 47
230 6 4 19 83 57 25 23 2 652 4 55 35 6 19 31 1
82 26 8 38 57 70 57 8 38 61 27 8 38 67 146 99 162 8 38 25 46 35 211 33 17
614 64 310 179 210 6 1 106 8 1 520 75 460 235 102 462 1 174
1003 69 16 9 7 29 77 285 7 11 9 29 77 70 90 9 16 29 77 7 11 9 16 29 77
25 598 25 2 72 9 100 1 327 100 79 20 82 21 37 104 31 67 147 35 57 327 20 77 98 121 176
163 3 26 1 181 20 5 11 45 273 3 26 1 61 19 3 8 31 1 163 3 26 1 61 19 3 8 31 1 86 31
22 126 288 102 9 114 165 34 17 9 350 39 22 114 382 164 1208 384 70 209
157 54 65 180 295 144 179 485 11 76 295 34
37 3 2 335 55 23 4 2 410 3 37 23 2 330 27 1 326 101 226 94 1 109 137 37 23
13 32 80 25 242 32 25 317 32 25 200 25 3 46 614 14 63 25 32 200 25 200
59 15 8 80 6 1 58 10 15 96 1 58 71 15 115 229 1 105 241 3 205
2 117 27 4 10 1 46 53 104 27 4 25 73 146 81 1 137
137 15 1 137 57 70 35 15 1 433 330 32 3 71 15 56 281 85 182 32 1 191
10 12 3 32 6 1658 824 834 670 932 765 2 134 34 11 76 78 9 2 89 16 5 28 18 29 1 135 15 25
1 132 77 504 155 16 138 1 1160 255 6 80 2
330 55 419 426 13 79 147 26 73 31 346 53 8 790 59 48 53 6 68 258 58 27 6 105 25 138 32 61
553 304 482 326 42 620 52 497 9 16 9 68 20 5 863 25 19 3
2 539 95 37 67 57 826 474 916 818 1681 2 644 38 3 71 344 34 130
671 510 2215 94 434 271 95 226 767 65 51 17 191 302 125 186 18 73 124 121 388 118 342 401 75 176 338
55 81 8 99 1 483 29 11 110 7 33 99 1 46 81 55 25 4 27 99 41 1681
9 140 125 220 98 188 121 316 121 98 4 6
187 25 1 579 1 262 1 359 268 59
2 324 32 23 8 81 32 23 8 2 134 11 5 34 653 81 55 1 106 8 6 66 124 81
86 24 8 86 6 24 8 56 56 6 24 8 61 181
41 742 67 151 97 214 53 93 67 53 146 31 53 571
20 59 50 46 53 3 19 8 173 86 3 25
5 93 359 268 224 33 127 197 20 408 55 243 74 73 125 146 243 16 33 11 359 421 349 433 467 170 33
10 645 8 56 19 4 198 10 1 475
102 122 185 129 161 275 102 129 134 122 161 129 185 275
129 171 40 54 578 76 122 85 110 116 166 17 40 744
25 23 6 12 376 431 64 42 114 334 1 303 104 24 19 71 2 222 158 37 24 19 2 173 19 3
200 23 71 3 10 53 105 80 25 3 8 38 326 30 130 117 32 80 145 25 32 70 32 80 25 3 46 496 130 14 25
36 131 70 12 23 53 10 59 19 71 88 210 2 343 19 25 6 86 25 200 6 105 25 70 66 16 476 247 136 112 70 12
120 634 32 224 200 4 27 1 478 40 28 33 34 65 17 16 131 315
11 87 183 39 144 183 39 144 183 39 283 39 144
30 108 484 50 64 30 81 123 855 75 151 25 94
287 227 287 227 287 227 287 227 1 287 227 287 227 287 227 287 227 70 568 1781 510 2062 18 13 60 168 346 249 717 130
140 26 125 3 10 15 140 26 125 1 82 302 15 3 81 390 35 236 8 38 3 154 66 154 31
964 143 103 700 22 64 49 2 518 153 22 425 114 42
173 38 81 57 46 38 81 57 46 38 81
1 59 140 314 19 71 55 1547 1491 1798 845 1003 1174 2 159 2 244 416 1412 66 19 535 1113 71 1 106 19 314 1113
33 17 126 22 251 38 53 10 33 104 73 104 1 311 17 50 240 53 104 12 70 8 27 12 38 1
181 5 197 117 24 32 156 312 410 255 84 81 1 137 154 1 316 24 8 3 32 1 715 167 71 1 218
3 99 137 121 3 19 1 176 3 19 1 274 99 140 1 316
716 716 64 130 453 305 716 75 206 453 448 1007 34 62 500 64 101 389 280 500 34 76 389 151 248 454 1007
6 80 25 59 15 25 6 74 29 1 163 66 3 27 19 71 19 1 145 25 19 4 15
125 1 99 228 125 66 3 8 132 8 35
107 56 217 393 114 36 22 371 371 36 22 39 667 198 424 36 79 13 194 194 114 79 13 1244 925 271 50 79 22 60 17 400
60 95 553 353 452 52 625 15 6 4 89 7 77 597 75 60 95 373
1 258 34 11 44 41 858 118 207 407 2 406 282 257 123 1 186 17 18 47 41 622 282 257 123 1
24 112 24 48 58 3 106 21 24 25 3 58 112 24 48 6 19 106 3 96 106 3 223 106 3 58 52
38 53 153 186 28 41 321 90 464 24 1 48 96 106 150 135 4 10 221 24 70 71 10 149 21
1 681 83 6 4 228 19 25 915 268 569 934 29 9 7 20 2 65 999 29 7 20 313 2 1956 457
15 160 56 6 554 4 71 15 59 56 71 116 56 135 15 3 160
1658 824 834 670 932 765 2 134 34 11 76 78 9
395 30 511 130 1277 460 50 13 395 30 283 130 969 22 101 237 420 64 94 291 101 237 623 168 151 248 50 402 651
23 12 320 85 7 44 18 136 26 21 99 4 21 12 23 1 48 21 12 26 1 73 21 6
57 46 24 26 140 327 11 16 5 129 564 125 70 8 314 24 15 3 55 125 1 46 286 24 15
38 27 38 307 3 71 1 105 26 4 12 1 73 3 8 15 104 1 186 7 16 131 30 43 461 15
71 101 194 497 7 20 2 563 30 194 13 14 42 120 36 42 164 1701 4 1 181 55 58 125 70 4 228 1 344 121
5 17 486 432 1 264 1 135 104 3 10 1 298 106 25 32 10 826 111 168 103 1003 135 625 135 432
615 1 943 244 943 959 615 2 652 24 32 2 404 1 236 1 236 1 106 124 2 653 1 236 1 236 2
799 118 207 422 354 75 103 1411 277 266 212 353 97 52 60 372
29 197 2 117 66 32 86 27 1 48 4 70 10 8 1 46 37 1 104 31 1730 948 1 84 23 70 8 82 187 25 106 70
11 324 21 229 1 82 449 40 307 67 55 109
12 24 6 21 185 29 17 5 41 558 17
372 331 356 152 167 429 36 14 152 570 190 152 492 87 87 47 85 172 43 47 85 14 571
44 85 261 182 23 35 125 191 44 148 261 69 44 148 261 141 44 47 261 335 18 66 16 54 90 1 58 4 23 15 186 7
334 238 1084 158 1084 158 1084 158 673 158 790 66 597 334 1084 194 1087 246 25 548 539 1084 158 1084 158
44 791 564 801 168 235 1406 275 2456 302 2 1223 1712 2371 3826
87 307 31 73 31 73 383 155 117 138 31 1 84 1 233 5 9 16 9 586 13 22 36 22 61
16 324 56 186 876 14 213 94 22 2 138 2 179 386 16 85 16
176 137 26 40 29 259 1 258 77 57 26 5 77 259 139 55 258 5 29 247 440 200 3 105 96 360 76 1
95 75 60 214 211 113 281 169 623 128 111 97 52 87 123 87 333 649 75 60 111 87 113 123 169 795 3392 75 60 91 2 406
518 33 383 183 293 393 315 180 63 528 442
227 334 250 12 4 80 15 3 158 1 249 59 6 19 330 55 198 154 31 230 176 59 35 6 19 139
6 24 8 61 181 9 34 11 432 1 1163 194 90 20 5 11 68 19 3 11 144 202 322
67 57 119 67 57 1 119 67 57 119 57 119
550 298 16 9 181 181 20 5 409 29 424 36 22 14 393 117 180 42 52