52 91 697 143 128 1354 542 296 219 1095 308 1649 203 542 296 219 369 308
62 129 107 32 3 37 129 53 82 48 186 136 10 1 174 17
357 500 141 263 97 473 28 431 263 336 263 754 42 841 42 841 278 452 370 357 370 842 560 64
243 274 243 274 433 171 853 80 15 27 1 712 839 140 1 390 154 176 55 1 59 121 119 31 35 301 190 1 556 1
289 148 178 157 21 93 1 86 21 93 59 93 35 55 1 93 154 59 99 59 8 93
164 1539 271 75 230 137 230 394 230 394 580 250 575 115 6 308 1622 180 192 13 179 485 180 192 13 309 589
124 147 137 104 124 104 124 483 137 53 83 53 83 147 139 53 83 53 83 483 139 53 83 82
41 811 52 223 36 883 174 777 131 141 492 97 206 203 2 607 118 278
174 320 431 120 42 14 602 120 42 14 41 442 49 63 18 2 242
41 256 42 13 14 2 180 36 63 14 49 2
1 86 24 21 93 188 147 106 21 147 93 81 1 86 21 93
650 45 89 7 431 88 152 541 20 734 3027 95 60 1 344 20 1 149 15 1 149 32 1 149 19 1 149 24 1
16 454 13 49 42 13 49 364 5 28 280 374 63 16 33 28 285 33
427 524 405 128 493 493 787 1420 380 128 190 748 369
2 704 74 29 9 548 74 29 9 348 343 68 65 385 325 29 385 179 117 6 4 8 179 704 9 16 17 343 282
558 110 171 155 268 2328 510 2658 66 6 2 222 66 6 2 144 77 40 2 144 77 40 2 464
310 343 142 9 16 11 210 1 186 7 29 385 343 102 29 9 167 487 114 13 36 358 290 107 348 29 9 5 323 68 20 5
12 93 878 622 128 14 511 622 60 91 85 123 87 399 128 118 171 225 340 1096 332 473 98
1 262 15 3 21 164 991 8 3 1 191 20 5 2 138 4
2 348 50 42 13 2 358 36 63 14 2 403 278 95 52 308 987 204 336
9 199 9 300 36 120 36 65 9 54 5 348 14 42
571 39 214 235 602 190 462 190 606 513 67 357 182
4 27 27 4 199 161 7 16 195 56 27 1 502 49 131 36 13 550 56 48 59 376 30 50
72 276 2 251 2 87 290 43 51 136 173 1 48 21 41 566 45 110
75 60 91 111 461 23 35 8 23 35 251 35 55 249 85 110 6 138 137 125 228 314
12 1 218 12 27 21 48 8 158 31 1 48 8
529 50 42 13 1 175 25 19 1 349 29 16
21 553 108 49 490 43 378 108 141 51 87 277 336 571 638 18 1105 12 67 87 85 904 152 336 717 378 144 141 223 87 357
50 5 300 20 622 111 655 906 910 626 675 56 27 4 601 172
21 93 188 147 86 21 24 21 483 98 93 159 8 93 1 137 99 59 8
17 298 132 370 100 78 9 34 370 344 78 9 34 567 344 78 9 34 360 78 33 17 360 132
452 500 357 500 141 263 97 473 28 431 263 336 263 754 42 841 42 841 278 452 370 357 370
1 93 154 1 59 8 93 1 147 98 86 249 438 201 34 28 45 1 289 148 178 157 21 93 1 86 21 93
117 6 24 1 322 117 3 10 1 303 117 3 10 1 322 117 3 10 1 303 117 3 10 1 322 117 3 10
61 6 4 93 320 45 159 24 112 31 1 93 81 106 73 191 44 117 6 4 46
5 28 1 281 18 69 20 7 215 14 89 72 69 141 20 5 1 174 20 54 20 2 72 9 41 582 48 58 2 65
245 13 667 70 100 5 1 475 25 19 3 1 608 155 29 20 5 1 789 50 42 13 773 1 311 468 16 7 345 1 502
178 359 93 8 1 359 9 44 271 8 173 138 8 35 23 35 173 46 23
37 70 171 456 176 1194 570 763 60 118 717 886 333 616
547 50 151 843 138 106 156 24 892 103 235 143 2003 150 24 25 32 1504 748 151 50 168 843 40 759 79 1
138 106 82 244 82 583 8 210 46 104
24 21 2 159 24 21 41 501 4 8 1 201 34 28 2 159
17 662 293 66 70 505 247 40 34 11 37 200 258 34 11 596
7 110 85 11 110 489 203 91 97 60 91 173 72 8 31 35 182 85 93 196 11 276
727 103 248 1009 1 520 30 1 826 91 1 855 157 339 157 409 157 339 244 448 10 23
101 2 159 27 21 1 86 27 21 164
42 13 49 364 5 28 280 374 16 33 28 285 33 28 260 1 376 50 13
10 25 6 10 167 4 315 5 77 9 254 5 77 9 144 90 202
9 34 109 10 187 763 103 460 1186 177
178 399 234 301 490 2 127 328 189 235 452 431 152 525 189 85 51 239 95 257 451 757 35 87 184 141 278 354 257 190 707 87
738 97 60 911 126 42 14 964 97 60 911 126 42 14 964 97 60 911 126 42 14 964 97 60 953 42 14
26 124 653 26 76 110 259 1 304 11 45 47 110 50 13 30 88 382 45 47 110 176 274 48 519 28 47 110 31 153 49
948 188 147 86 24 21 73 1 86 24 21 81 1
17 539 414 212 361 917 758 168 143 361 917 306 161 51 75 118 10 245 102 353 143 697 266
93 1 147 98 86 249 438 201 34 28 45 1 289 148 178 157 21 93 1 86 21 93 59 93 35 55
138 136 138 1 208 12 1 174 11 76 202 5 11 76 144 68 107 1 105 1
79 1 526 39 63 1 328 161 233 105 24 8 673 151 91 2 102 9 62 102 9 101 352 34 37 41 420 39 337 63
480 373 14 206 1095 63 101 2 215 14 49 1 373 64 49 2
43 707 12 112 12 70 90 28 47 18 403 28 47 18 378 108 490 182 87 28 322 141 18 223
37 23 82 8 37 23 82 8 37 23 82 23 8 37 23 46
36 13 49 1 303 29 20 5 11 144 36 13 49 550 54 59 393 36 13
290 352 5 39 138 3 400 65 192 14 179 644 469 13 200 400 65 7 65 7 324 2 290 65 5 39 138
28 431 263 336 263 754 42 841 42 841 278 452 370 357 370 842 560 64 842 336 389 842 42 1007 473 1007 452 500 357
651 50 79 63 39 774 50 22 64 2 409 214 97 151 2 518
35 46 1 61 6 4 46 99 73 58 4 73 35 53 1 56 6 4 53 58 73 35 56 6 4 146 35 53 1 56
605 42 342 91 894 48 1 311 160 16 59 496 342 16 14 429 294 336 182 708 3394 2143 2 572 839 1 681 2070 1 618 1 915
373 878 206 420 364 431 42 235 1009 193 318 541 93 366 203 452 189 363 189 85 1 483 70 96 26 21 553 108 49 490 43 378
16 5 65 16 9 7 11 192 36 22 14
1 170 5 28 2 54 28 18 2 69 5 45 2 69 45
45 552 102 176 31 70 120 423 88 552
98 1 289 268 159 21 93 1 99 55 1 93 154 59 99 59 8 99 93 154 1
211 47 178 463 7 45 85 110 8 489 203 97 60 91 173 72 45 85 8 110 173 169 7 110 12 120
19 3 32 1 61 25 1 181 7 11 9 7 11 385 29 7 11
75 2 589 126 22 64 30 2 409 111 97 151 103 2 343 79 64 30 639 36 13 49 690 126 63 39
2 159 24 21 41 501 4 8 1 201 34 28 2 159 21 12 1 201 7 11 1 196 9 76 1 186 7 11 1
79 64 30 346 147 419 284 104 46 424 79 13 39 614 84 722 123 346 82 304 79 64 30 614 147 419 284
306 161 51 75 118 10 245 102 353 143 697 266 212 369 700
315 5 77 9 144 89 155 29 5 2 704 29 9 7 74 66 343 117 65
374 63 43 396 122 178 141 141 127 365 141 215 45 364 28 45 463 62 45 169 270 650 45 89
24 21 31 1 147 98 1 86 21 31 81 1 93 35 55 1 59 8 93 137 1 59 8 31 1 46 55 2 267 98
7 549 1 381 5 28 16 273 1 608 20 5 29 626 654 1115
665 194 50 13 1 181 9 7 504 155
21 109 21 12 1 218 12 27 21 48 8
605 128 118 1219 3 21 12 211 47 301 320 18 47
206 734 2727 152 257 571 257 451 257 571 87 1258 152 18 190 431 571 431 451 431 571
18 178 144 184 259 2 251 1 218 1 289 110 636 45 110 454 300 276 98 1 93 35 1 272 1 281 110 268 471 47 110
55 249 85 110 6 166 297 116 9 7 11
30 346 147 419 284 346 46 400 50 30 32 32 614 147 419 284 104 46 135 6 24 11 110 147 104 298 9
21 37 167 119 31 35 372 507 1368 301 1021 311 28
4 19 3 70 19 25 19 25 1 388 16 22 14 199 16 22 14 300 120 107 6 15 6 167 15 4 15 348 29 7
362 46 59 373 299 45 552 102 127 171 300 423 88 552 72 93 59 730 234 95 362 65
48 104 196 9 88 152 166 196 180 59 31 99 424
49 28 72 363 63 14 101 420 63 14 18
5 28 273 1 662 16 33 7 549 1 381 5 28 16 273 1 608 29 20 5 624 255 488 519 36 13 528 574 51
945 1 1047 172 192 586 354 192 339 425
32 24 1 478 117 32 24 1 449 117 32 24 1 567 464 66 6 1 367 1 287 150 66 6 1
357 43 108 490 43 108 1 320 594 429 172 141 336 267 37 112 12 763 278 49 43 490 43 285 707 12 322 21 26 12 553
359 159 4 8 53 31 419 167 8 93 419 167 8 93 106 188 147 86 24 21 289 148 159 24 21 93 188 147 86 21 24
10 1 322 117 3 10 1 303 117 3 10 1 322 117 3 10 1 303 117 3 10 1 312 117 6 24 1 303
20 5 2 65 7 29 9 7 41 582 48 58 2 65 7 50 22