2 113 123 487 108 345 23 198 23 70 160 94 294 396 2 348 43
16 5 28 636 97 52 91 489 97 52 91 1434 5 49 43 292 5 49 43 54 5 643 415 174 28 18 5 28 18 409 52 128 193 325 52 128 193 1002 63 14 43 199 63 14 43
1 218 92 1 218 92 12 27 21 12 1 322 107 26 98 83 84 98 83 662 224 240 4 37 2 240 4 37 1 662 224 240 4 37 1 450 89 7 62 517 160 845 752 1020 240 4 12 2 240 4 12 1 658 160 240 4 12 1 585
713 300 152 1 249 44 898 87 9 72 20 53 6 113 53 6 102 20 53 6 127 45 522 46 19 51 13 89 11 127 407 89 11 51 5 46 19 113 44 898 182 6 72 20 65 18 113 87 9 89
38 1 287 104 218 12 1 104 236 218 53 1 236 218 124 53 208 2 581 1 218 2 506 2 506 1 208 2 581 1 218 2 868 238 1185 1185 238 418 2 581 1 218 2 506 2
46 46 46 46 46 46 46 46 579 150 25 32 221 25 32 221 25 32 579 150 25 32 221 25 32 367 150 25 32 386 71 15 6 135 15 6 135 15 6 386 71 15 6 135 15 6 264 71 15 6 1163 325 8 46 46 46 46
104 67 57 104 67 57 104 67 57 119 23 119 23 119 23 57 119 23 57 119 23 57 119 23 57 119 23 57 119 23 57 119 23 57 119 23 57 119 23 57 119 23 57 112 38 67 81 112 38 67 112 38 67 112 38 67 112 38 67 112 38 67 119 23
205 31 31 16 28 269 205 31 658 36 63 14 162 162 15 21 195 162 162 12 31 15 21 198 162
291 14 30 1 338 14 30 2 72 9 11 41 364 7 11 41 364 7 11 41 362 20 11 41 318 14 30 1 201 7 11 41 352 7 18 41 352 7 18 41 291 14 43 2 192 14 43 2 65 7 18 41 352 17 18 41
281 47 429 299 43 299 178 178 556 171 746 313 144 5 28 178 90
296 1617 13 484 22 639 42 484 266 245 402 566 60 700 39 1226 212 1462 94 413 43 331 30 1375 545 1462 94 283 43 291 30 1226 332 1502 30 291 14 318 13 291 43 245 43 402 39 566 60
3 1474 61 19 3 61 19 3 61 19 3 61 19 3 61 19 3 789 194 25 19 3
945 1 104 1 104 1 53 1 53 1 82 1 211 210 1 191 2 136 7 41 633 1 196 41 462 204 2 102
237 446 247 491 603 64 755 456 220 705 34 6 24 8 158 270 6 24 8 583 103 206 434 75 103 206
555 73 11 48 26 23 84 94 36 670 338 196 429 375 46 9 196 95 338 59 429 99 125 26 154 7 58 83 23 289 110 42 752 326 59 383 84 31 14 174 8 620 48 13 59 383 53 7 45 3 429 22 233 191
31 1 48 8 31 1 61 3 8 31 1 61 3 8 31 1 61 3 8 31 1 48 25 8 31 1 61 3 8 31 1 174 11 45 29 117 3 8 31 1 48 25 8 31 1 61 3 8 31 1 48 25 8 31 1 48 25 8
781 891 197 205 205 31 31 78 7 269 205 31 965 524 473 219 80 80 126 14 263 80 80 35 31 145 80 35 31 965 80 80 35 67 99 67 412 80 80 35 31
268 260 21 98 1 346 275 32 159 45 268 260 28 178 107 38 124 1 48 19 21 31 1 86 3 21 31 1 48 19 21 31 1 86 3 21 31 1 48 21 31 26 1 48 21 31 26 1 86 3 21 31 1
51 9 34 222 1 1118 460 77 40 5 142 200 200 3 134 5 142 134 48
79 857 153 247 485 49 64 306 247 40 309 100 177 857 103 40 206 247 209
134 5 671 134 5 17 134 5 17 18 134 5 17 212 361 138 6 16 9 601 207 319 118 51 9 7 51 9 7 11 242 80 16 9 7 466 61 25 258 40 16 9 601 51 9 7 170 16 170 9 7 11 142 77 16 9 7
299 1 294 22 14 43 285 58 59 429 382 286 944 1 439 226 94 226 299 387 916 944 1077 1 326 108 226 299 916 944 1077 1 428 13 39 591 48 82 338 39 362 1 249 204 233 113 113 204 233 113 113 752 492 233 657 1
44 129 95 214 183 87 432 23 448 57 333 48 125 458 264 57 73 376 11 45 47 110 97 325 216 127 334 26 334 55 202 268 46 140 652 175
60 773 198 269 163 400 111 97 1128 334 400 95 737 312 324 393 214 95 75 1038 273 376 214 97 60 1182 273 400 42 70 115 312 324 426 111 97 52 970 1 388 111 143 1164 1 393
64 30 1 673 151 91 1032 248 447 937 151 91 899 13 39
262 96 186 5 17 18 443 96 294 22 39 773 559 166 50 22 14 30 1 790 547 61 8 58 23 48 26 59 35 58 23 258 9 34 11 368 116
65 546 11 65 102 11 660 824 786 186 644 40 17 13 469 77 134 5 17 70 115 71 32 3 892 36 27 14 541 391 14 16 51 198 163 10 3 553 39 13 51 210 26 173 35 211 129 1 312 11
86 86 28 18 159 201 28 18 159 59 21 12 86 317 89 7 11 89 7 11 133 19 86 4 21 37 201 28 159 21 1 317 19 4 89 28 441 845 954
1139 600 1462 94 413 43 331 30 1375 545 1462 94 283 43 291 30 1226 332 1502 30 291 14 318
763 60 342 118 466 398 398 398 398 398 398 398 398 398 398 398 27 4 1069 524 380 219 466 398 398 398 398 398 398 555 466 398 398 398 398 565 206 143 60 193 466 398 398 398 398 398 398 398 398 398 398 398 4 1620 219 488 878 523
1 191 44 85 2 69 85 44 1 359 11 44 2 69 44 85 1 320 18 47 2 141 18 47 141 47 12 93 46 70 3 196 173 3 1
139 139 110 419 961 853 791 139 397 5 71 32 3 10 279 129 71 32 3 10 856 168 151 91 703 401 168 151 91 733 64 1468 180 395 295 177
669 95 7 30 94 72 167 11 44 72 72 30 94 167 282 94 685 114 7 30 94 167 167 30 94 167 448 166 114 4 30 94 167 72 11 44 432 115 71 4 1 376 131 50 30 88 5 136 409 223 111 3 30 88 54 136 11 45
462 18 47 2 306 350 30 94 395 157 30 94 591 24 2 306 39 130 13 39 130 1 428 183 103 899 22 64 30 1 428 350 30 1 258 17 18 5 1 428 87 47 129 462 18 47 2 306 350 30 94 395 157 30 94 591 24 2 1242 212 361 593
146 67 552 108 378 18 802 88 38 88 396 18 573 118 821 14 975 152 81 152 1199 372 1275 26 146 67 552 108
33 92 149 914 10 62 92 389 130 49 92 149 914 92 389 62 17 92 168 143 128 92 914 76 28 92 389 45 62 92 149 914 168 143 128 31 37 92 389 76 122 92 149 914 62 45
57 182 67 57 51 33 17 12 67 57 360 12 67 57 107 12 67 57 343 16 22 39 12 23 57 103 118 182 23 57 51 12 23 57 51 9 39 12 23 57 343 12 23 57 51 12 23 57 454 42 13 39 16 31 26 57 103 118 276 26 57
202 90 29 202 90 29 305 77 40 305 77 40 305 77 40 305 77 40 305 77 40 305 77 40 305 77 40 305 77
112 109 56 149 668 33 34 62 518 138 246 1 691 526 86 109 106 59 106 109 691 363 167 37 159 1 393 519 56 109 48 109 56 149 393 363
186 5 17 18 443 96 294 22 39 773 559 166 50 22 14 30 1 790 547 61 8 58 23 48 26 59 35 58 23 258 9 34 11 368 116 258 9 34 11 445 115 648 75 52 103
277 266 219 51 7 65 18 51 7 65 18 342 51 7 65
77 16 9 2 305 77 16 9 2 305 77 16 9 2 305 77
14 1284 325 50 42 13 329 20 5 68 20 5 608 181 20 5 155 475 789 194 50 42 13 1613 489 50 42 13 329 20 5 68 20 5 965
308 1502 43 108 301 1 373 301 88 108 301 1 519 49 43 190 1 294 30 190 301 638 1 326 108 43 108 301 1 373 88 108 301 1 304 30 108 88 108 1 294
1 429 108 425 13 49 36 656 354 141 5 183 49 842 607 128 415 745 530 28 336 36
2 87 47 28 5 2 54 28 18 47 2 127 85 62 7 2 72 62 45 85 2 127 122 62 17 2 102 62 45 122 2 739 178 171 2 340 171 467 2 456 85 268 2 169
271 256 79 13 39 70 116 40 7 5 163 428 14 13 298 577 118 8 65 282 65 577 118 6 439 65 282 352 596 10 8 23 1504 17 11 920 192 102 11 65 382 34 830 102 11 70 9 70 288 79 39 13 142 40 309 1003 932 258 17 5
837 325 647 347 266 219 545 68 7 65 11 68
51 74 86 56 5 7 19 3 144 90 15 466 242 71 80 71 36 199 16 33 809 190 152 43 140 145 80 322 90 199 74 56 163 96 5 7 27 8 56 212 193 91 174
598 387 314 583 151 111 41 656 95 52 128 1 56 3 21 96 1 856 168 52 30 725 365 708 2199 183 533 72 183 708 2199 183 533 72 183 308 1571 36 22 14 30 630 358
645 509 502 290 54 17 18 443 1 476 95 103 207 422 522 958 448 958 1 559 9 7 29 271 704 353 445 22 14 563 329 444 466 9 563 7 271 111 548 9 291 72 250 250
30 94 166 117 58 8 106 8 12 2 87 17 114 23 23 244 23 211 2 183 130 39 460 899 281 232 333 343 34 44 11 694 8 9 244 1 211 17 114 210 23 182 1 233 5 18 223 462 18 5 628 5 11 50 173 5 191
11 44 41 362 11 44 41 341 14 94 2 282 94 43 94 1 46 23 4 41 362 11 44 41 362 11 44 41 291 39 43 1 338 39 43 164 887 11 44 41 362 11 44 41 331 30
187 280 238 500 238 2382 187 1159 506 1033 500 238 202 238 500
107 6 10 71 850 323 36 22 39 305 872 70 601 16 9 7 107 6 4 358 51 9 7 18 753 51 7 9 195 54 16 17 487 5 16 17 54 290 3 10 12 26 54 17 18 47 487 54 17 18 144
12 1 48 10 12 1 61 8 31 26 1 61 8 31 26 1 61 8 31 26 1 61 8 31 26 1 61 8 31 26 1 61 8 31 26 1 61 8 31 26 1 61 8 31 26 1 61 8 31 26 1 61 8 31
1016 647 97 940 578 333 472 1394 507 522 234 223 278 95 70 194 50 42 347 296 647 623 29 20
98 205 163 16 5 18 47 178 426 203 42 14 30 88 152 319 318 14 152 8 31 289 145 8 393 95 13 43 108 301 19 4 35 786 152 123
103 245 75 245 1 294 22 39 1 294 22 39 41 256 22 64 1 61 22 64 68 417 1 304
36 22 198 388 655 145 25 15 6 198 1 514 29 20 7 11 329
125 125 576 435 226 435 876 411 282 299 543 152 39 299 543 152 365 108 169 85 232 129 123 110 47 110 333 108 55 171 108 55 472 268 486 261 451 268 152 268 356 88 216 30 204 88 152 14 88 152 225 110 257 152 299 14 110 43 152 299 14 110
662 227 227 78 33 360 227 227 67 67 40 17 293 227
37 11 584 224 27 4 37 240 4 37 1 109 4 12 1 119 31 81 27 4 12 1 585 100 240 21 12 33 7 122 182 1 109 21 12 27 37 1 218 92 21 1 218 92 12 27 21 12 37 1 322 4 107 26 98 83 7 731
33 601 108 152 43 43 377 140 51 74 86 56 5 7 19 3 144 90 15 466 242 71 80 71 36 199 16 33 809 190 152 43 140 145 80 322 90 199 74 56 163 96 5 7 27 8 56 212 193 91 174 5 15
1 790 91 271 203 111 75 52 91 1 1222 271 111 75 60 91 1286 214 95 60 91 1482 168 75 52 91 1 790
351 831 181 7 201 529 133 68 481 252 120 50 13 735 231 133 5 280 51 89 386 9 312 2 222 23 424 44 186 233 113 102 263 14 30 94 362 145 317 249 201 70 11 196 44 617 7 11 180 364 11 68
12 1 648 65 211 439 186 53 559 29 20 9 7 324 304 42 22 14 156 559 400 117 61 19 6 4 156 250 388 29 16 9 7 329 16 9 7 198 349 210 57
31 26 1 61 8 31 26 1 61 8 31 26 1 61 8 31 26 1 61 8 31 26 1 61 8 31 26 1 61 8 31 26 1 61 8 31 26 1 61 8 31 26 1 61 8 31 26 1 58 4 8 1 58 4 8 1 58 4 8 1 58
37 287 66 24 37 119 67 57 119 67 57 119 67 57 119 67 57 119 67 57 119 67 57 104 67 57 104 67 57 104 67 57 104 67 57 104 67 57 104 67 57 119 23 119 23 119 23 57 119 23 57 119
1 502 223 5 18 17 640 183 645 509 502 290 54 17 18 443 1 476 95 103 207 422 522 958 448 958 1 559 9 7 29 271 704 353 445 22 14 563 329 444 466 9 563 7 271
25 32 3 61 32 3 25 32 3 61 32 3 25 32 3 132 32 3 66 32 3 132 32 3 66 32 3 132 32 3 66 32 3 132 32 3 66 32 3 132 32 3 66 32 3 10 37 38 1 105 24 8
232 232 340 239 122 560 719 560 239 705 239 275 239 239 456 239 798 524 798 239 239 178 239 239 284 340
5 72 9 399 97 482 513 647 1139 513 647 352 74 260 3 374 13 656 95 278 1 1133 647 513 15 638 44 123 45 35 257
559 343 22 424 448 559 179 9 135 312 9 114 476 559 343 22 424 448 559 179 9 135 1996 116 9 114 476 817 485 79 393 448 817 309 40 163 449 40 131 476 817 485 79 393 448 817 309 40 163 2178 209 40 131 476 95 75 103 559 343 22
268 7 122 85 172 49 43 739 178 171
36 13 49 1 617 111 75 60 1 426 42 13 30 1 426 36 13 49 1 617 111 75 60 1 304 22 14 166 1 388 36 14 22 1 502 13 49 131 36 1 479 97 52 128 252 903 50 22 14 697 52 223 128 1379 296 470 347 212 1061 277 212 369 1253 599
129 71 32 3 10 856 168 151 91 703 401 168 151 91 733 64 1468 180 395 295 177 29 532 29 150 414 427 332 355 275 150 414 427 332 856 703 401 79 651 518 505 247 94 30 491 239 177 146 433
35 31 23 145 80 31 965 80 80 78 20 263 80 80 35 31 7 16 473 781 891 80 80 35 31 965 80 80 35 67 20 28 99 67
64 574 280 344 20 34 437 519 63 405 574 20 34 574 42 64 454 344 1 567 159 24 37 221 1 855 401 373 64 101 501 24 37 855 159 201 34
535 416 854 176 220 188 67 182 908 336 571 783 128 118 1082 41 245 380 206 570 683 700 63 219 332 245 183
834 489 203 60 91 193 152 93 19 4 8 35 80 145 80 19 4 8 31 35 145 80 19 4 8 31 35 319 145 19 4 8 31 35 80 145 11 45
860 214 1168 95 75 1124 1151 656 214 503 860 214 1168 95 75 923 949 95 75 378 860 214 1168 95 75 1347 460 940 656 214 446 758 697 75 923 949 95 75 378 860 214 1168 95 75 1347 460
108 226 858 207 407 1661 524 545 2122 480 976 220 137 139 908 447 407 248 1175 1208 113 1 826 91 207 1362 1085 888 532 569 456 564 225 508 232 313 284 261 123 275 113 270 512 447 207 407 1280 118 422 103 1835 593 600 321 313 157 261 399 733 865 103
65 11 1227 489 747 266 219 332 68 7 65 11 68 7 65 11 489 68 7 65 11 68 7 65 17 1054 434 784 494 277 219 377 51 7 65 17 51 7 65 17 434 51 7 65 17 51 7 65 18 342 632 470 277 266 377
1 316 125 274 83 137 57 35 26 73 31 53 8 82 4 3 58 19 15 41 362 11 44 41 362 11 44 41 341 14 94 2 282 94 43 94 1
235 143 1178 235 75 766 64 101 634 10 38 58 24 37 428 63 39 758 235 143 1031 168 143 1092 40 518 126 651 126 758 235 143 953 22 64 420 22 64 420 79 63 291 64 101 469 33 17 551 143 103 164 1031 168
88 2 988 342 95 143 60 510 2240 76 65 44 663 447 877 207
199 33 7 18 530 7 18 2 828 252 5 28 45 321 28 45 465 197 2 753 199 27 4 12 530 7 18 2 487 131 5 28 18 321 28 18 254 90 2 368 4 61 58 59 789 3 61 86 48
62 215 64 49 364 7 62 280 595 63 49 130 774 64 49 88 1 412 20 7 62 636 97 60 206 41 774 64 49 101 88 1 643 63 49 130 1 450 34 28 45
183 39 43 756 534 111 44 259 289 182 53 193 1034 6 181 9 7 2 65
21 31 26 1 48 21 31 26 1 48 19 21 31 1
225 827 178 973 108 13 131 87 827 813 219 212 377 30 50 749 1181 219 470 319 407 207 1000 534 271 203 790 1915 1083 414 155 116 234 248 422 615 230 23 23 125 230 23 23 125 1065 306 13 131 615 575 125 575 1788 39 43 36 125
44 85 312 120 50 65 7 11 44 85 312 9 65 11 85 7
60 91 15 4 67 35 12 186 7 11 44 85 179 120 50 186 7 11 44 85 179 9 385 166 74 29 385 166 22 14 30 58 4 8 23 35 186 7 11 44 85 179 44 186 11 85 7 23 163 44 145 351 120 50 14 489 203 60 91 193
89 5 11 1 86 3 8 2 51 5 7 1 170 33 7 1 56 19 4 1 375 283 430 283 490 331
433 130 64 49 284 515 1 1305 593 768 380 1207 75 41 525 148 178 1 755 301 88 787 301 88 782 178 88 558 45 178 1 84 121 45 123 45 299 123 270 45 127 47 301 702 301 130 757 178 130 602 130 190 650 122 130 382 76 190 802 8 81 1 383
68 7 65 11 325 68 7 65 11 68 7 65 11 1227 489 203 111 60 91 207 319 68 7 65 11 68 7 65 11 489 68 7 65 11 68 7 65 17 1054 434 784 277 219 332 51 7 65 17 51
181 9 601 94 152 43 68 9 7 65 9 29 9 7 11 8 65 9 29 9 7 466 65 9 29 20 665
29 16 9 7 329 16 9 7 198 349 210 57 198 59 35 198 86 31 304 42 14 263 180 42 14 412 754 61 19 4 56 6 4 272 476 16 9 17 18 285 9 17 18 2 448 172 233 58 559 166 50 22 14 30 1 790 547 61
170 16 29 6 250 186 7 115 25 6 4 444 999 61 25 344 100 29 255 117 25 252 155 29 20 5 682 421 91 193 234 140 344 100 29 25 553 223 158 373 13 25 999 68 19 495 454 5 682 761 20 140 68 158 9 89