299 25 32 4 285 22 39 310 129 226 285 129 15 6 10 18 138 217 47 11 51 13 39 371 44 10 87 51 44 15 3 10 17 315 17 7 306 13 39 194 76 5 123 232 25 32 3 10
7 11 18 406 60 91 118 41 570 399 657 1184 414 212 361 332 1215 111 168 143 60 775 5 17 901 212 361 987 212 361
2331 2331 708 2378 647 256 352 54 1289 1408 1638 165 134 663 1424 1569 142 134 350 283 1429 1638 165 134 663 1424 1569 142 134 350 283 2859 164 3154 2404 164 2736 164 2736 3141 164 4179 2331 2331 2331 2331 2331 2331
201 68 9 7 3 338 117 6 4 117 6 4 2 117 6 4 2 117 6 4 2 68 9 7 1 61 6 4 2 117 6 4 1 181 9 7 2 68 20 5 2 913 470 277 266 7
31 1 106 37 31 98 1 106 37 31 1 106 37 31 98 1 59 37 31 35 1 59 37 31 35 1 59 37 31 1 59 37 31 35 1 59 37 31 1 59 37 31 35 1 59 37 31 1 59 37 31 35 1
1053 65 16 17 65 16 312 174 20 434 290 135 19 3 191 89 5 135 3 19 46
15 27 2 242 15 27 2 242 15 27 2 242 15 27 2 242 15 27 2 117 32 4 2 117 32 4 2 117 32 4 2 117 32 4 2 117 32 4 2 117 32 4 2 242 15 27 2 242 15 27 2
986 296 212 473 901 212 219 886 169 451 1097 212 219 377 18 340 111 97 52 225 340 123 95 52 60 87 123 97 52 128 340 97 52 128 225 340 95 52 60 118 365 36 13
861 315 343 6 231 94 23 15 6 10 65 297 44 222 15 6 10 765 310 18 129 625 15 6 10 351 12 129 15 6 10 402 17 254 18 129 72 11 85 102 385 18 129 15 6 10 173
1346 40 5 17 1129 414 212 361 1173 212 219 332
544 12 67 41 331 43 190 41 544 8 67 41 664 91 372 2 267 12 26 41 811 118 234 1219 12 26 1 119 31 35 41 602 88 152 41 544 12 67 41 664 118 372 1034 12 67 1 112 12 67 41
350 283 1429 1638 165 134 663 1424 1569 142 134 350 283 2859 164 3154 2404 164 1086 44 615 125 73 23 249 44 510 2260
265 107 162 162 41 329 155 155 165 265 265 89 197 197 464 355
17 54 134 202 25 424 376 321 244 58 709 52 151 91 248 9 200 258 200 579 40 660 186 54 244 58 559 22 64 30 130 9 200 258 200 648 25 135 424 22 64 30 130 591 58 48 106 557 13 39 130 17 54 134 309 22 358 36 22 39
38 98 1 109 21 38 1 109 21 38 98 1 109 21 38 1 109 21 38 98 1 109 21 38 1 109 21 38 98 1 99 1 99 2 330
63 49 165 452 151 128 296 442 318 64
19 3 1 298 16 9 539 95 75 1 326 42 50 352 7 11 138 4 8 1 58 4 8 1 191 20 5 1 170 9 7 1 181 9 7 102 16 9 210 15 6 1 56 6 10 1 186 7 29 1 56 71 3 1 304 22
37 31 1 59 37 31 35 1 59 37 31 1 59 37 31 35 1 106 21 38 121 1 106 21 38 121 1 106 21 38 1 106 21 38 121 1 106 21 38 1 106 21 38 121 1 106 21 38 1 106 21 38 121 1 106 8 38 35 1 106 8 38
556 1728 1522 673 39 130 190 1051 233 722 346 210 275 210 248 372 422 361 564 79 1318 1406 1728 1651 1641 151 43 411 43 94 410 556 1728 1522 743 372 372 248 103 1051 614 722 439 130 210 38 67 10 1435 422 1318
913 470 95 143 700 33 54 172 14 1319 632 277 212 369 1581 308 1631 808 632 95 52 128 700 13 28 87
126 63 431 533 594 372 206 128 318 688 638 127 284 463 97 60 206 148 239 127 571 757 340 472 610 427 88 423 423 525 148 440 190 493 237 650 45 463 97 62 151 88 431 713 688 650 127 189 857 151 128 148 37 239 127 571 612 757 1438 719 779
354 586 728 41 776 586 728 1531 266 219 332 974 75 60 91 873 17 18 44 1096 361
8 29 136 86 3 8 59 1 170 9 17 17 107 6 10 196 107 6 10 1 48 338 56 6 10 107 6 10 2 89 5 11 8 159 3 8 46
58 24 37 27 1 327 138 24 37 311 138 24 37 186
26 127 47 72 62 165 265 265 4 51 160 160
59 37 31 1 59 37 31 35 1 59 37 31 67 1 59 37 31 67 1 59 37 31 1 59 37 31 67 1 106 37 31 98 1 106 37 31 98 1 106 37 31 1 106 37 31 98 1 106
1 170 9 7 1 181 9 7 102 16 9 210 15 6 1 56 6 10 1 186 7 29 1 56 71 3 1 304 22 120 329 5 20 353 52 97 2 136 25 19 1 61 19 3 1 298 16 9 539 95 75 1 326 42
385 47 94 25 32 6 4 113 539 16 9 17 310 118 23 226
1 109 21 38 81 1 109 21 38 81 1 109 21 38 1 109 21 38 81 1 109 21 38 1 109 21 38 81 1 109 21 38 1 109 21 38 81 1 59 37 31 35 1 59 37 31 35 1 59 37 31 1 59 37 31
320 18 267 12 320 18 267 12 537 43 279 381 315 48 56 21 56 21 181 7 215 13 194 2
127 340 167 85 53 320 152 54 161 986 296 212 473 901 212 219 886 169 451 1097 212 219 377 18 340 111 97 52 225 340 123 95 52 60 87 123 97 52 128 340 97 52 128 225 340 95 52 60 118 365 36 13 14 43 604 63 14 43 452 52 128
441 30 385 91 213 461 351 25 6 4 72 85 117 6 194 44 113 179 25 6 385 47 94 25 32 6 4 113 539 16 9 17
308 1267 632 95 52 193 700 13 43 1534 927 277 212 369 164 1570 613 36 13 49 700 13 28 69 172 13 43 1471 798 277 380 219 1514 523 95 143 60 1434 224 16 33 389 224
1 59 37 31 35 1 59 37 31 35 1 59 37 31 1 59 37 31 35 1 59 37 31 67 1 59 37 31 67 1 59 37 31 1 59 37 31 67 1 106 37 31 98
116 116 246 253 253 1 56 162 162 41 392 162 162 328 265 265 51 160 160 65 116 116 165 299 18 265 265 299 107 162 162 404 55 359 85 84 26 1 73 23 1 328 60 118 75 265 265 60 75 118 51 160
23 10 1 82 23 12 1 53 23 10 1 53 23 10 1 53 23 10 1 53 23 10 1 82 12 23 1 249 7 11 251 4 8 1 46 23 4
37 58 1 58 24 37 33 157 138 24 37 1 439 58 24
91 193 234 970 216 88 108 133 471 60 118 372 1002 14 43 122 123 195 7 18 85 1 553
5 68 5 289 901 212 45 95 60 257 1221 801 97 52 234 278 97 52 917 36 13 114 42 13 102 1228 277 212 28
4 2 117 6 4 2 51 9 17 107 6 10 2 107 6 10 2 107 6 10
1075 1143 286 1311 1451 653 1359 414 380 719 39 39 733 794 586 956 708 2512 38 10 57 1029 422 103 248 103 422 767 1318 1406 818 1651 1116 207 447 411 43 956 556 1728 1522 673 39 130 190
1 106 37 31 1 106 37 31 98 1 106 37 31 1 106 37 31
174 11 45 1 338 39 43 1 620 52 91 41 625
407 41 382 18 44 1289 377 545 308 1016 296 212 1106 97 52 41 1097 266 361 974 75 103 164 1285 296 212 1106 97 52 41 1097 266 361 974 75 103 41 1120 296
1 201 5 11 155 29 432 71 6 10 15 12 648 214 6 10 15 18 294 58 10 257 233 186 636 203 6 8 46 99 383 73 99 249 1304 223 75 103 1086 155 17 1304 545 647 361 734 3834 545 219 324 156 156 156 250 179 324 250 250 250 250 512 207 60 324
15 6 10 861 315 343 6 231 94 23 15 6 10 65 297 44 222 15 6 10 765 310 18 129 625 15 6 10 351 12 129 15 6 10 402 17 254 18 129 72 11 85 102 385 18 129 15 6 10 173 76 110 222 6 10 12 217 23 83
1 258 33 28 2 134 33 28 2 65 34 62 138 24 37 58 1 58 24 37 33 157 138 24 37 1 439 58 24 37 165 33 17 78 1 132 27 10 78 1 132 27 10 126 642 27 10 2 246
2 159 4 2 200 24 2 200 24 2 200 24 2 200 24 795 2917 37 31 748 427 593
1 338 39 43 1 620 52 91 2 551 52 103 2 102 18 47 1 743 118
136 58 2 136 58 2 210 2 173 2 136 58 2 136 58 2 136 2 210 2 136 58 2 136 58 2 210 2 173 1 163 494 361 75 725 291 396 353 52 103 118 545 1034 439 43 326 51 89 219 470 91 215 811
212 219 377 277 212 219 558 87 169 123 622 52 128 178 111 97 52 225 340 354 52 60 118 47 95 52 60 87 123 452 52 128 193 178 97 52 128 225 340 172 14 43
53 23 10 1 53 23 10 1 53 23 10 1 53 23 10 1 82 12 23 1 249 7 11
1 59 8 23 1 73 4 8 1 191 45 5 69 45 5 173 31 3 1 46 31 3 1 48 8 31 1 46 3 31 1 46 31 3 1 93 3 8 1 211 17
35 55 41 1483 234 407 193 1272 1483 1272 2 944 407 319 207 1272 1483 1272 1 681 580 234 407 193 1272 1483 1272 2 944 407
1 1222 42 14 101 770 14 101 391 318 14 101 489 74 391 350 215 14 49 204 300 664 97 235 42 285 610 97 60 235 770 235 391 203 374 492 235 97 363 622 52
296 212 1106 97 52 41 1097 266 361 974 75 103 41 1120 296 212 1106 97 52 41 1097 266 361 974 75 103 164 1285 296 212 1106 97 52 41 758 168 52 1
134 33 28 79 200 27 21 200 27 21 1 258 33 28 2 134 33 28 2 65 34
88 108 213 493 234 407 353 525 141 300 91 193 234 970
96 145 61 86 48 4 50 42 59 46 289 349 232 116 29 9 333 74 29 9 7 486 29 9 7 973 160 116 133 216 411 29 16 9 7 107 48 320 18 44 158 58 211 171 3 21 56 6 320 268 25 19 3 10 149 715 16 9 5 1394 90
51 160 160 65 116 116 246 253 253 107 162 162 1168 207 60
2423 1313 3 1139 1535 442 256 318 1097 1106 15 938 801 775 89 54 72 670 141 87 356 378 2156 60 865 1484 522 1749 570 891 154 894 51 184 354 891 1056 2276 60 865
49 126 391 36 63 95 938 36 63 78 374 285 278 336 14 43 570 607 60 245 420 42 14 36 832 300 363 42 14 541
1434 224 16 33 389 224 16 33 389 224 16 33 28
98 1 59 37 31 35 1 59 37 31 35 1 59 37 31 1 59 37 31 35 1 59
86 8 170 28 353 60 385 1087 375 30 297 368 167
246 27 10 2 246 27 10 2 246 27 10 2 165 33 17 1 132 27 10 233 246 27 10 1 366 246 27 10 2 246 27 10 328 134 33 28 79 200 27 21 200 27 21 1 258 33 28 2 134 33 28 2 65 34 62 138 24 37 58 1 58 24 37 33
194 2 173 158 46 155 196 44 303 54 45 158 175 186 18 155 54 45 194 136 31 174 45 65 18 215
202 69 45 85 2 113 60 385 259 491 1087 436 368
39 130 190 1051 233 722 346 210 275 210 248 372 422 361 564 79 1318 1406 1728 1651 1641 151 43 411 43 94 410 556 1728 1522 743 372 372 248 103 1051 614 722 439 130 210
363 1189 42 14 101 78 184 300 203 318 14 101 391 318 14 101 351 74 120 391 126 774 126 42 14 42 530 51 172 63 14 277
103 759 103 193 52 821 6 25 271 181 338 181 326 117 4 353 118 3
154 1 86 31 154 109 67 243 1 109 67 243 2 267 12 26 41 811 118 234 1219 12 26 1 119 31 35 41 602 88 152 41 544 12 67 41 664 118 372 1034 12 67 1 112 12 67 41 811 118 372 2 267 12 26 41 811 118 234 1219 12 26 1
1 163 156 198 163 2 222 41 1120 296 212 1382 42 13 2 68 20 5 1 135 15 6 2 142 40
442 848 164 1057 120 42 126 42 701 420 318 489 120 420 749 120 1239 80 701 420 731 763 803 120 420 391 969 651 420 581 619 97 568 66 420 651 848 20 442 318 437 519 151 405 19 318
5 11 155 29 432 71 6 10 15 12 648 214 6 10 15 18 294 58 10 257 233
493 775 5 1093 212 369 558 127 365 1120 296 52 95 52 901
63 78 374 285 278 336 14 43 570 607 60 245 420 42 14 36 832 300 363 42 14 541 141 306 63 49 49 331 776 143 128 64 442 33 157 452 52 91 347 296 212 256 622 52 91 256 783 60
12 26 41 533 18 47 41 533 18 47 41 533 18 47 164 1219 12 26 41 533 18 47 41 533 18 47 41 533 18 47 164 1034 12 67 41 362
103 422 767 1318 1406 818 1651 1116 207 447 411 43 956
698 215 64 49 442 318 64 49 100 401 442 215 64 49 442 215 63 49 100 165 452 151 128 296 442 318 64 49 442 318 64 49 100 63 442 20 215 64 49 36 442 215 64 49 126 391 36 63 95 938 36 63 78 374 285 278 336 14 43 570 607 60 245 420
6 276 3 70 7 44 29 155 448 7 9 18 142 375 43 22 142 68 20 325 91 5 20 290 304 86 3 138 48 59 476 166 16 9 17 71 1201 786 752 142 16 65 82 70 42
355 242 241 241 108 493 642 253 253 118 51 160 160 65 116 116 44 246 253 253 107 162 162 510 2407 99 308 1689 289 249 123 2 123 113 289 87 708 2512 57
212 7 54 72 399 1184 347 296 212 1045 470 277 266 7 167 167
610 215 14 101 391 801 97 52 205 120 126 930 13 20 318 442 13 42 364 336 399 128 193 183 215 1076 16 143 60 285 331 430 783 60 118 342 285 430
917 36 13 114 42 13 102 1228 277 212 28 560 277 212 267 112 112 141 267 112 112 267 69 986 296 212 8 347 97 52 46 46 46 46 69 173 69 173 42 87 901 212 95 52 53 53 53 53 182 182 53 211 87 127 594
1522 743 372 372 248 103 1051 614 722 439 130 210 38 67 10 1435 422 1318 1406 818 1651 1116 207 447 411 43
734 2597 836 606 836 2 713 123 688 365 356 707 537 1 844 356 552 340 705 333 948 936 98 169 257 2 1855 1923 1 556 330 717 602 1 556 1236 164 3836 1722 652 746 340 164 1529 99 99 556 943 70 421 164
52 91 503 901 52 60 118 169 638 451 277 143 128 321 7 18 1093 212 332 13 331 1226 369 212 369 697 143 128 259 146 53 320 172 13 277 377
10 402 17 254 18 129 72 11 85 102 385 18 129 15 6 10 173 76 110
14 50 79 799 422 131 50 42 13 402 36 22
73 4 8 1 191 45 5 69 45 5 173 31 3 1 46 31 3 1 48 8 31 1 46 3 31 1 46 31 3 1 93 3 8 1
913 470 95 143 700 33 54 172 14 1319 632 277 212 369 1581 308 1631 808 632 95 52 128 700 13 28 87 1459 927 277 369 600 164 1570 613 95 128 234 700 13 18 69 172 13
318 690 655 15 27 2 242 15 27 2 242 15 27 2 242 15 27 2 242 15 27 2 242 15 27 2 117 32 4 2 117 32 4 2 117 32 4 2 117
362 18 122 41 362 18 122 41 362 18 122 164 1034 12 67 41 362 18 122 41 362 18 122 41 362 18 122 164 1219 12 26 41 533
97 235 42 285 610 97 60 235 770 235 391 203 374 492 235 97 363 622 52 128 193 442 622 52 128 193 442 318 13 49 88 100 364 336 49 63 159 183 88 21 13 215 570 143 60 697 143 60 143 531 570 143 60 160 33
171 308 1606 18 122 41 362 18 122 164 1034 12 67 41 362 18 122 41 362 18 122 41 362 18 122 164 1034 12 67 41 362 18 122 41 362 18 122 41 362 18 122 164 1219
1 46 31 4 1 119 31 4 1 119 31 4 1 93 37 4 1 196 18 44 167 12
1 476 22 64 30 130 222 174 138 58 449 52 103 248 79 1033 208 208 208 449 418 208 449 1 579 401 111 168 52 453 305 591 58 48 106 557 13
35 461 10 12 23 160 23 2 134 17 76 47 288 108 947 1 105 10 38 26 209 26 172 43 94 39 43 94 342 94 1006 17 76 47 194 43 1 56 10 12 23 155 18 200 10 38 26 297 8 1 58 8 38 35 385 6
196 119 31 26 127 47 72 62 165 265 265 4 51 160 160 4 65 116 116 4 12 23 165 265 265 4 59 12 170 160 160 59 429 4 23 167 23 72 246 253 253 37 31 26 4 41 642 19 4 2