177 78 20 34 335 31 35 164 1400 31 81 2 389 100 16 33 7 70
269 238 269 205 269 96 92 269 509 269 163
80 25 272 205 272 241 272 205 272 80 25 272 205 272 4 8 495 272 205 272 80 25 272 205 272 241 272 205 272 80 25
617 95 118 372 60 118 372 342 970 471
509 198 3 21 31 205 269 96 92 48 21 31 205 509 269 3 21 31 205 293 96 92 48 21 31 205
91 193 1126 15 750 95 52 128 118 223 95 1 553 111 97 52 91 193 1192 25 4 8 19
48 21 31 205 509 269 3 21 31 205 293 96 92 48 21 31 205 163 31 26 495 48 21 12 31 205 293 96 92 48 21
21 31 96 92 269 218 269 48 21 31 96 92 269 627 267 96 92 269 218 269
205 269 96 92 269 3 21 31 205 509 198 3 21 31 205 269 96 92 48 21 31 205 509 269 3 21 31 205
162 398 241 398 162 398 227 80 398 162 320 45 254 273 92 112 12 162 218
269 495 255 269 3 21 31 205 269 96 92 269 3 21 31 205 509 198 3 21 31 205 269 96 92 48 21 31 205 509 269
509 269 3 21 31 205 293 96 92 48 21 31 205 163 31
25 269 269 495 269 205 269 96 92 269 218 269 163
21 31 205 269 495 269 3 21 31 205 269 96 92 269 3
136 21 31 96 92 269 218 269 48 21 31 96 92 269 627 267 96 92 269 218 269 48 21 96 92 269 181 504 273 25
43 164 1243 14 49 101 88 655 1 112 31 41 531 36 42 63 14 669 95 97 143 60 41 778 36 63
205 269 495 269 3 21 31 205 269 96 92 269 3 21 31 205 509 198
153 13 49 43 41 656 111 52 97 91 193
198 163 92 198 320 45 254 273 92 112 12 162 218 59 8 162 48 21 96 92 198 381 273 92 198 218 198
136 21 31 96 92 269 218 269 48 21 31 96 92 269 627 267 96 92 269 218 269
509 269 163 92 269 201 5 28 238 269 163 92 269 175 163 175 25 19 175 96 175
620 91 223 111 52 193 1 163 92 21 15 3 12 553 278 128 95 52 118 2 403
80 25 272 205 272 495 272 205 272 80 25 272 205 272 241 272 205 272 80 25 272 205 272 8 4 8 495 272
531 36 42 63 14 669 95 97 143 60 41 778 36 63 153 70 27 41
92 269 201 5 28 238 269 163 92 269 175 163 175 25 19 175 96 175 158 175 96 175 25 19 175 96 218
96 92 48 21 31 205 322 45 47 495 48 21 31 205 293 12 96 92 48 21 31 205 269 495 269 3
45 47 495 48 21 31 205 293 12 96
31 35 1008 120 1 119 31 35 2 828 252 153 42 64 112 31 81 707 31 81 2 182
31 96 92 269 218 269 48 21 31 96 92 269 627 267 96 92 269 218 269
205 509 269 3 21 31 205 293 96 92 48 21
111 97 775 463 111 97 60 91 193 777 1270 80 659 118 372 95 199 120 1270 15 164 894 197 60 118 372 745
1 553 278 95 5 182 267 54 182 1 149 15 21 96 1 620 223 111 5 276 173 54 276 1 86 8 96 25
164 1002 36 42 63 14 164 1336 126 42 14 164 1335 153 36 63 164 1229 131 13 14 49 43 164 909 95 97 143 60 41 774
162 80 15 345 80 15 1 552 371 131 13
198 163 92 198 320 45 254 273 92 112 12 162 218 59 8 162
28 238 269 163 92 269 175 163 175 25 19 175 96 175 158 175 96
21 31 205 509 198 3 21 31 205 269 96 92 48 21 31 205 509 269 3 21 31 205
112 31 41 531 36 42 63 14 669 95 97
11 20 45 2 300 36 63 14 43 190
269 3 21 31 205 269 96 92 269 3
267 96 92 269 218 269 48 21 96 92 269 181 504 273 25 86 205 262 48 205 48 96 25 269 608 159 3 8 96 25
120 36 63 14 2 182 67 35 4 67 146 4 59 67 146 7 93 37 70
54 276 1 46 25 19 96 1 553 95 5 182 267 54 182 1 149 96 15 21 1 620 223 111 5 276 173
504 273 25 86 205 262 48 205 48 96 25 269 608 159 3 8 96 25 269
96 92 269 218 269 48 21 96 92 269 181 504 273
13 49 43 41 667 25 620 91 223 111 52 193 1 163
31 26 495 48 21 12 31 205 293 96 92 48 21
3 21 96 92 198 381 273 92 198 218 198 163 92 198 320 45 254 273 92 112 12 162 218 59 8 162 48 21
97 91 193 223 1 553 278 52 128 95 118 2 463 111 97 60 91 193 2 345 80
2 54 167 514 14 49 101 88 655 1 93 41 630 36 42 63 14 392 19 27
381 107 3 21 96 92 198 398 198 56 3 21 96 92 198 381 273 92 198 218 198 163 92 198 269 495 269 205 269
3 21 31 205 269 96 92 269 3 21 31 205 509 198 3 21 31 205 269 96 92 48 21 31 205 509 269 3 21
14 49 43 550 164 1002 36 42 63 14 164 1336 126 42 14 164 1335 153 36 63 164
509 269 3 21 31 205 293 96 92 48 21 31 205 322 45 47 495 48
205 509 269 3 21 31 205 293 96 92 48 21 31 205 322 45 47 495 48 21 31 205 293 12 96 92 48
48 21 31 205 322 45 47 495 48 21 31 205 293 12 96 92 48 21 31 205 269 495 269 3 21 31 205 269 96 92
31 205 322 45 47 495 48 21 31 205 293 12 96 92 48 21 31 205 269 495 269 3 21 31 205 269 96 92
238 269 163 92 269 269 495 269 205 269 96 92 269 205 218 269 163 92 269 509 269 163 92 269 201 5 28 238 269
269 495 269 3 21 31 205 269 96 92 269 3 21 31 205 509 198 3 21 31 205 269 96 92 48 21 31 205 509 269 3 21
272 80 25 272 205 272 241 272 205 272 80 25 272 205 272 8
43 80 153 13 49 43 41 656 111 52 97 91 193 1 163 92 605 95 128 118 223 278 2 403 97 111 52
21 31 205 269 96 92 48 21 31 205 509 269 3 21
308 1462 63 337 101 2 215 49 64 252 1 620 60 489 991 4 351 426
269 205 269 96 92 269 205 218 269 163 92 269 509 269 163 92 269 201 5 28 238 269 163 92 269 175 163 175 25
25 272 205 272 8 4 8 495 272 205 272 19 80 25 269 269 495 269 205 269 96 92 269 218 269 163 92
398 162 398 227 80 398 162 398 241 398 162 398 227 80 398 162 398 466 398 162 398 227
205 509 269 3 21 31 205 293 96 92 48 21 31 205 322 45 47 495 48 21 31 205 293 12 96
120 36 63 14 2 182 67 35 4 67 146 4 59 67 146 7 93 37 70 206 60 514 120 126
25 272 205 272 269 272 80 25 272 205 272 241 272 205 272 80 25 272 205
1 86 8 96 25 1 553 95 75 5 251 182 54 251 1 53 96 15 6 1 174 97 223 111 276 173 54 276 2 403
31 205 322 45 47 495 48 21 31 205 293 12 96 92 48 21 31 205 269 495 269 3 21 31 205 269 96 92 269
96 92 269 181 504 273 25 86 205 262 48 205 48 96 25 269 608 159 3 8 96 25 269 262 269 86 3 8 96 25
495 269 3 21 31 205 269 96 92 269 3 21 31 205 509 198 3 21 31 205 269 96 92
25 19 1 553 95 75 5 251 182 54 251 1 163 15 6 12 1 553 111 97 5 276 173 54 276 1 61 19 8 96 1
12 31 205 293 96 92 48 21 31 205 269 495 269 3
92 48 21 31 205 163 31 26 495 48 21 12 31 205 293 96 92 48 21 31 205
163 92 269 269 495 269 205 269 96 92 269 205 218 269
27 41 723 49 13 14 49 866 128 52 60 128 2 54 167 514 14 49 101 88 655 1 93 41 630
96 175 158 175 96 175 25 19 175 96 218 293 218 92 15 218 227 218 238 218 227 218 92 15
96 175 25 19 175 96 218 293 218 92 15 218 227 218 238 218 227 218
21 31 205 509 198 3 21 31 205 269 96 92 48 21 31 205 509 269 3 21 31 205 293 96 92 48 21 31 205 322 45
35 41 1004 252 153 42 64 2 182 4 27 112 31 81 1 119 24 6 37 93 119 146
162 398 227 80 398 162 398 466 398 162 398 227 80 398 162 398 241 398 162
153 1 109 41 723 13 14 49 866 52 60 128 41 321 2 481 14 49 101 88 655 1 93 41 531 36 42 63 14 669 95 97
97 143 60 41 778 36 63 153 70 27 41 723 49 13 14 49 866 128 52
48 21 31 96 92 269 627 267 96 92 269 218 269 48 21 96 92 269 181 504 273 25 86 205 262 48
97 5 276 173 54 276 1 61 19 8 96 1 553 278
337 126 63 14 335 67 35 2 335 93 119
31 205 322 45 47 495 48 21 31 205 293 12 96 92 48 21 31 205 269 495 269
509 269 3 21 31 205 293 96 92 48 21 31 205 163 31 26 495 48 21 12 31 205
3 12 553 278 128 95 52 118 2 403 111 97 52 91 193 1126 15
63 14 669 95 97 143 60 41 778 36 63 153 70 27 41 723 49 13 14 49 866 128 52 60 128
25 269 272 241 272 205 272 80 25 272 205 272 19 4 8 495 272 205 272 80
96 92 48 21 31 205 163 31 26 495 48 21 12 31 205 293 96 92 48 21 31 205 320 45
54 182 1 149 96 15 21 1 620 223 111 5 276
25 269 262 269 86 3 8 96 25 269 381 107 3 21 96 92 198 398 198 56 3 21 96 92 198
60 489 938 373 189 141 589 97 49 308 1633 798 240 106 210 335 408 147 410 705 734 3281 337 126 63 14 335
21 31 205 269 96 92 48 21 31 205 509 269 3 21 31 205 293 96 92 48 21 31 205 322
20 45 2 300 36 63 14 43 190 2 403 278 95 37 52 128 730
398 162 398 241 398 162 398 227 80 398 162 398 466