180 216 156 4 534 9 14 242 426 22 14 30 749 166 50 22 14 30 352 4 8 46 790 24 28 118 221 327 58 58 28 156 264 6 12 1 326 123 82 294 10 7 43 391 63 14 182 553 36 13 39
245 42 13 49 41 318 13 14 30 41 318 13 14 30 41 256 42 13 41 256 42 13 41 256 13 14 41 256 13 14 41 245 13 49 41 245 13 49 41 256 22 14 41 256 22 14
14 101 41 420 22 64 130 41 420 22 64 130 41 420 22 64 130 41 420 22 64 130 41 420 22 64 130 41 538 9 34 76 1 668 308 1577 15 56 56 66 1 304 102 648 439 114 172 22 39 222
14 400 80 166 559 180 79 14 241 312 269 426 29 40 7 557
41 420 22 64 41 420 22 64 41 395 22 64 30 41 395 22 64 30 41 420 22 39 41 420 22 39 41 420 22 39 41 420 22 39 41 420 63 39 41 420 63 39 41 256 79
36 131 65 45 47 42 514 181 19 90 12 23 15 35 81 35 20 7 43 94 36 74 50 152 61 487 36 13 103 68 617 193 30 152 90 166 107 196 194 252 136 6 8 25 326 108 226 43 25 8 199 86 3 290 116
323 4 36 138 24 557 71 117 66 424 79 13 163 36 96 96 290 77 40 5 96 227 115 269 187 727 214 428 15 539 13 557 95 157 424 79 13 520 290 77 40 5 288 114 15 107 114 258 5 114 36 64
207 319 279 50 245 22 39 325 194 300 30 14 30 88 319 50 166 107 216 42 13 194 25 252 257 108 39 13 29 199 159 397 116 9 7 11 345 25 31 26 55 304 88 108
26 2 640 223 39 30 13 130 922 76 5 17 443
153 36 13 118 701 95 52 356 396 409 111 52 36 18 512 622 1184 42 13 30 570 52 91 1184 193 425 353 95 52 91 550 863 52 425 353 95 52 42 256 144 441 75 91 14 219 611 1297 22 14 43 622 60 118 283 1063 128 245 399 60 118 341 51
58 10 15 424 4 194 378 39 9 310 114 334 409 58 180 14 22 325 329 194 65 7 192 39 36 194 334 68 325 341 42 13 325 256 194 245 39 22 155 50 334 409 334 409 29 22 60 256 194
75 60 930 42 64 924 92 19 24 41 256 22 14 30 352 7 11 463 111 75 930 36 34 28 267 327 28 18 107 24 21 41
59 46 23 94 152 59 46 23 59 46 23 59 46 23 46 31 108 48 46 31 48 213 46 31 48 46 31 88 59 46 31 59 108 46 31 59 53 23 94 59 53 23 59 319 53
6 4 12 373 13 50 252 6 15 12 4 58 4 15 12 58 15 12 4 6 15 4 35
3 86 8 621 39 5 114 310 3 8 19 3 8 86 48 19 8 3 8 19 158 136 8 19 3 194 46 19
629 12 15 6 4 15 6 12 4 199 107 12 6 4 56 6 4 12 555 30 252 108 15 6 4 12 56 6 4 12 56 6 4 12 15 6 4 162 53 56 6 4 12 15 6 12 194 59 4 84 15 6 4 12 15
285 22 60 199 242 491 226 43 50 30 16 131 65 481 68 96 552 213 88 91 111 74 50 167 25 19 282 371 36 13 117 23 57 12 491 226 43
14 30 130 108 362 11 76 47 368 116 7 11 76 47 2 324 255 14 30 130 108 445 115 2 185 7 11 47 41 341 130 39 108 325 111 994 11 76 47 102 11 76 47 194 25 815 114 30 108 39 30 130 108 1137 131 39 30 108 371 723 331
64 39 41 420 64 39 41 256 79 39 41 256 79 39 41 420 22 64 130 41 420 22 64 130 41 395 22 64 30 41 395 22 64 30 41 291 64 39 101 41 291 64 39 101 41 291 64 39 101 41 291 64 39 101 41 420 63 39 41 420
7 187 180 375 79 22 209 46 8 46 21 112 21 10 310 476 17 46 21 10 294 22 39 10 4 375 323 16 9 17 310 259 67 95 23 26 22 614 218 162 39 476 400
120 79 376 198 39 476 317 114 463 36 22 39 312 323 16 9 17 1003 172 9 186 17 74 134 70 310 16 155 170 338 39 15 15 476 66 66 25 61 92 92 15 424 310 777 9 17 71 424 51 338 39 434 324 96 16 648 227 115 388 170 338
627 678 241 326 166 495 559 180 79 22 14 104 53 18 426 29 40 9 7 255 46 351 46 8 482 46 8 79 46 8 155 112 82 22 14 82 166 385 659 180 79 22 14 678 426 29 40 9 7 1905 658 180
39 476 233 166 172 22 39 46 119 12 573 114 16 9 17 166 172 186 17 312 324 211 166 145 53 80 80 304 79 22 14 80 80 104 80 80 53 80 80 426 29 40 9 7 46 74 46 8 46 8 111 428 46
371 52 422 234 118 422 528 56 3 56 233 138 485 126 114 22 79 101 94 226 460 321 362 22 50 166 319 207 75 91 362 318 13 50 252 88 234 97 30 582 392 6 80 199 319 207 118 95 65 59 211 167 58 375
17 116 10 583 577 358 166 114 294 22 39 402 16 9 17 784 342
114 168 52 116 12 269 8 29 547 8 288 69 29 428 22 14 30 117 426 831 166 40 9 7 187
386 476 476 58 86 36 22 39 428 323 16 9 17 229 218 158 287 162 187 36 338 205 115 40 271 210
119 439 13 371 16 23 136 10 37 730 207 422 111 91 90 6 4 8 4 8 6 271 58 8 4 56 4 8 6 4 58 4 8 328 310 39 22 39 6 4 8 6 4 46 4 8 58 4 8 58 4 8 19 3 8 43 94 226 50
187 36 338 205 115 40 271 210 648 6 19 36 32 32 15 56 66 36 22 39 114 338 485 426 61 15 424 79 13 777 105 77 322 648 80 166 115 205 208 294 22 39 199 323 229 16 9 17 116 324 36 186 17 166 135 92 577 294 65
52 128 2 354 52 128 2 51 5 28 1 479 143 60 1 479 143 60 1 294 63 14 622 52 128 1 620 52 128 1090 301 886 171 1 620 52
107 3 10 471 95 60 42 60 637 283 656 52 118 14 128 811 357 341 1319 153 36 13 118 701 95 52 357 362 863 7 399 425 353 95 52 550 1046 153 36 13 701 95 52 859 111 52 42 13 331 354 183 364 863 9 452 425 353 95 52 550 939 14 341 180
60 42 637 283 1319 153 36 13 128 701 95 52 341 1319 153 36 13 118 701 95 52 216 321 409 111 52 36 7 399 622 882 52 118 49 664 1 534 111 52 42 193 570 512 1184 42 13 30 207 570
22 39 43 94 462 12 23 73 534 31 47 422 86 289 46 46 47 61 559 50 14 192
37 23 38 57 6 4 8 79 101 94 130 226 29 19 8 3 3 19 405 46
22 14 400 15 40 351 460 428 304 79 14 13 282 229 426 29 40 7 376 258 5 181 40 7 114 288 79 13 39 263 476 208 310 156 71 80 294 22 39 150 227 400 323 16 9 17 310
22 64 30 41 395 22 64 30 41 420 22 39 41 420 22 39 41 420 22 39 41 420 22 39 41 420 63 39 41 420 63 39 41 420
118 234 422 402 36 13 39 1388 310 13 118 234 422 522 402 36 13 39 645 1386 434 39 206 207 422
1 46 1 53 104 93 84 99 191 110 734 3156 742 289 251 249 251 249 339 164 1090 213 742 26 289 47 276 26 249 85 251 35 249 85 339 152 41 503 721 493 503 446 1030 1086 1 552 721
323 15 9 17 114 172 186 17 310 577 162 412 312 294 22
180 79 22 14 46 112 10 659 120 29 40 9 7 166 180 258 7 198 9 253 175 196 310 476
558 410 2 403 214 457 744 769 322 77
258 29 116 2 539 434 22 14 245 461 4 424 310 22 14 172 291 14 434 214 245 544 375 310 114 36 338 1
39 43 41 430 39 101 130 41 430 39 101 130 41 420 63 39 41 420 63 39 41 420 22 64 41 420 22 64 41 420 22 64 41 420 22 64 41 291 64 39 101 41 291 64 39 101 41 318 64 49 101 41 395 63
186 288 138 6 19 50 79 14 200 32 428 120 29 40 7 209 329 40 7 309 58 434
152 94 111 91 11 5 20 252 120 285 22 60 199 242 491 226 43 50 30 16 131 65 481 68 96 552 213 88 91 111 74 50 167 25 19 282 371 36 13 117 23
143 60 1 294 63 14 622 52 128 1 620 52 128 1 479 52 128 1 620
118 283 1063 128 245 399 60 118 341 51 1046 153 36 13 118 701 95 52 216 321 409 111 52 42 7 399 570 1427 153 36 13 701 95 52 1184 193 425 353 95 52 91 550 863 207 425 353 95 52 193 550 343 60 75 50 219 980 179 117 4 6 107 3 10
76 11 1 846 278 63 14 49 130 962 14 49 130 2 631 42 13 49 88 770 13 49 88 2 594 405 223 97 88 490 503 742 555 631 223 278 97 301 503 493 707 711 223 278 97 28 204 283 530 41 283 49 405 318 283 49 318 5 28
14 30 41 256 42 13 41 256 42 13 41 256 13 14 41 256 13 14
294 1 926 401 79 13 256 591 3 709 247 79 13 180 942
160 481 120 555 108 213 50 30 29 14 42 133 117 74 282 36 13 528 131 181 44 11 18 129 290 289 47 110 11 29 16 96 487 16 223 35 6 23 55 359 9 44 213 131 102 16 5 88 108 42 262 354 103 75 325 325 12 23 15 35 429 94 36 319
15 194 25 197 117 11 5 20 5 388 117 19 69 7 116 9 345 70 152 94 111 91 11 5 20 252 120 285 22 60 199 242 491 226 43 50 30 16 131 65 481
94 291 816 12 10 388 12 10 191 192 10 623 79 13 39 256 395 13 39 194 25 256 395 13 158 103 499 50 609 428 5 304 39 348 484 79 13 14 329 343 25 428 13 14 256 737 79 13 14 592 29 324 25 428 13
11 166 674 319 111 207 54 11 20 197 252 285 75 60 199 199 429 226 50 94 51 191 160 481 120 555 108 213 50
94 152 59 46 23 59 46 23 59 46 23 46 31 108 48 46 31 48 213 46 31 48 46 31 88 59 46 31 59 108 46 31 59 53 23 94 59 53 23 59 319 53 23 59 112 12 48 112 12 48 44 112 12 48 31 46 31 473 48 46 31 48 46
338 39 434 324 96 16 648 227 115 388 170 338 39 432 241 15 355 424 777 310 9 17 559 172 439
386 476 476 58 86 36 22 39 428 323 16 9 17 229 218 158 287 162 187 36 338 205
1133 212 369 1169 52 128 1233 140 652 140 652 140 1 1037 212 369 987 212 369 1021 140 458 140 458 140 700 13 49 2 354 52 128 234 507 522 835 52 91 234 684 407 684 1 479 52 128 507 522 234 507 522 2 354 143
83 86 3 359 171 95 143 697 143 1 1037 212 369 974 52 128 41 622 52 91 1 620 52 91 1 373 13 30 570 52 128 2
3 4 306 13 14 256 1087 79 13 14 861 29 704 29 306 13 14 180 499 79 39 13 329 409 29 32 10
19 86 3 8 15 6 59 6 15 4 12 199 404 15 6 4 12 56 6 4 12 529
245 42 13 49 41 256 42 14 41 256 42 14 41 256 42 14 41 329 20 7 1 426 256 22 14
52 216 490 499 97 111 131 332 1126 202 273 19 25 242 15 6 409 111 52 36 622 1 985 42 13 30 13 331 354 52 91 183 364 863 42 13 30 9 452 570 52 91 1351 14 30 94
52 128 1 620 52 128 1 479 52 128 1 620 52 128 1 479 143 60 1 620 52 128 1 1037 380 219 987 380 219 987 212
329 68 70 39 79 13 325 329 749 79 13 14 417 790 50 32 3 4 306 13 14 256 1087 79 13 14 925 50 32 395 13 14 68
128 1090 301 886 171 1 620 52 91 407 684 1 620 52 91 1 373 13 30 570 52 128 2 354 52 128 2 51 5 28 1 479 143 60 1 479 143 60 1
13 43 41 256 42 13 43 41 329 20 5 18 1 376 256 42 13 43 41 256 42 13 43 41 245 42 13 49 41 245 42 13 49 41 318 13 14 30 41 318 13 14 30 41 256 42 13
368 116 108 14 30 130 749 166 544 8 38 26 250 115 7 11 76 47 41 499 50 39 30 130 108 1 175 25 26 10 8 38 376
19 6 36 22 39 338 198 727 1244 376 138 424 79 13 765 338 386 476 476 58 86 36 22 39 428 323 16 9 17 229 218 158 287 162 187 36 338 205 115 40 271 210 648 6 19
11 29 16 96 487 16 223 35 6 23 55 359 9 44 213 131 102 16 5 88 108 42 262 354 103 75 325 325 12 23 15 35 429 94 36 319 285
288 298 131 200 114 79 13 134 393 77
48 46 31 31 26 48 44 85 46 23 59 23 35 46 23 44 85
1 552 721 493 503 446 1030 1086 1 137 473 139 84 146 73 104 46 82 48 109 58 105 61 2
68 409 79 13 39 256 749 79 13 14 329 68 548
46 31 26 46 31 1 112 12 26 112 12 26 1 112 12 26 112 12 26 1 112 12 26 112 12 26 1 112
19 56 6 6 15 4 12 199 404 15 6 4 12 15 6 59 12 711 30 108 88 15 6 12 4 56 12 6 4 53 15 6 4 162 56 12 4 6 137 32 4 8 32 8 194 59 32 4 46 32 4 8 358 94 18
8 196 22 50 166 19 3 8 48 8 19 48 19 8 48 8 19 152 22 94 152 407 7 15 6 12 4 6 4 15 12 199 138 15 12 4 56 6 4 12 373 13 50 252 6 15 12 4 58 4 15 12 58 15 12
630 10 12 191 199 10 12 138 10 395 39 13 325 180 591 3 10 428 13 39 194 180 609 162 79 13 39 499 50 591 3 304 39 1201 40 670 348 395 13 14 271 256 591 3 4 258 5 7 166 180 737 79 13 14 484 50 591 3 4
108 194 29 29 730 95 207 319 213 348 61 216 152 166 94 166 482 30 545 319 65 404 116 365 88 30 252 405 897 20 362 43 94
186 17 229 36 334 648 253 162 388 15
3 46 19 86 3 8 58 25 7 12 15 6 4 6 12 4 15 199 117 15 6 12 4 15 58 12 4 15 6 12 529 42
22 39 41 420 22 39 41 420 63 39 41 420 63 39 41 256 79 64 41 256 79 64 41 420 22 64 41 420 22 64 41 395 63 39 41 395 63 39 41 420 22 64 41 420 22 64 41 395 22 64 30
252 136 6 8 25 326 108 226 43 25 8 199 86 3 290 116 7 11 9 345 326 43 108 226 131 197 5 11 20 120 285 22 60 199 242 674 94 43 422 111
170 229 338 39 287 160 233 16 648 434 439 51 338 39 210 15 1696 114 777 310 9 17 434 439 172 439 22 82 82 4 3 106 3 648 294 388 172 22 39 170 51 114 16 9 17 162 597 199 105
15 440 14 30 194 10 6 15 6 15 10 107 6 10 229 82 6 15 181 10 15 6 10 6 15 434 167 10 15 6 82 15 6 429 22 39 434 6 10 15
3 8 19 252 173 3 8 19 48 8 19 359 166 30 94 3 8 19 48 8 19 46 19 3 8 197 48 19 629 12 15 6 4 15 6 12 4 199 107 12 6 4 56 6 4 12 555 30
354 52 128 1 620 52 128 1 479 143 60 1 620 52 128 1 1037 380 219 987 380 219 987 212 369 974 52 128 1 1133 212 369 1169 52 128 1233
39 41 256 79 64 41 256 79 64 41 420 22 64 41 420 22 64 41 395 63 39 41 395 63 39 41 420 22 64 41 420 22 64 41 395 22 64 30 41 395 22 64 30 41 420 22 39 41 420 22 39
13 49 41 256 42 13 41 256 42 13 41 245 42 13
35 6 23 55 359 9 44 213 131 102 16 5 88 108 42 262 354 103 75 325 325 12 23 15 35 429 94 36 319 285 409 555 120 30 152 362
79 13 163 36 96 96 290 77 40 5 96 227 115 269 187 727 214 428 15 539 13 557
37 10 6 10 37 94 114 101 39 226 6 10 3 37 434 82 3 37 48 10 37 48 37 10 439 101 9 434 3 10 37 48 10 37 37 48 10 23 35 6 55 37 3 10 94 152 22 407 114 3 8 6 3 6 8 194
3 383 29 249 84 26 55 376 30 213 94 108 329 604 166 30 94 22 796 422 214 330 9 216 88 252 108 97 365 39 101 422 114 259 339 199 36 606 4 170 6
341 51 1046 153 36 13 118 701 95 52 216 321 409 111 52 42 7 399 570 1427 153 36 13 701 95 52 1184 193 425 353 95 52 91 550 863 207 425 353 95 52 193 550 343
10 12 41 642 10 37 23 2 259 26 104 31 31 233 48 6 70 111
39 43 1122 252 234 422 407 684 318 39 30 443 559 385 22 14 30 94 655 25 6 2 290 30 111 88 341 45 129 84 93 482 75 60 930 42 64 924 92 19 24 41 256 22 14 30 352 7 11
339 152 41 503 721 493 503 446 1030 1086 1 552 721 493 503 446 1030 1086 1 552 721 493 503 446 1030 1086 1 137 473 139 84 146 73 104 46 82 48 109 58 105 61 2 370 100 9 17 62 409 214 111 97 60 91 308 1506 548
36 22 39 338 198 727 1244 376 138 424 79 13 765 338 386 476 476 58 86 36 22 39 428 323 16 9 17 229 218 158 287 162 187 36 338 205 115 40 271 210 648 6 19 36 32
932 670 752 29 306 13 14 256 737 255 79 14 13 861 116 29 563 166 29 306 13 14 256 499 79 13 39 329 409 32 3 10 29 306 13 39 256 395 13 39 329 68 409 103 79 13 256 749
192 39 36 29 194 325 329 383 94 319 75 409 42 13 30 194 256 555 30 234 97 158 172 22 39 194 25 325 329 491 43 319 36 43 68 22 14 325 194 256 614 30 319 158 192 36 39 25 194 325 329 323 226 43 94 43 376 30 42 13