732 101 94 237 1 220 243 228 37 67 35 41 814 4 1 99 4 2 330 4 1 188 21 2 356 152 423 42 14 101 2 356 237 301 42 64 49 1 93 35 121 19 4 37 41 1451 67 1 394 35 2 854 67 1
1 620 399 69 216 283 216 622 183 69 216 283 1 86 111 452 72 204 318 216 417 203 180 65 192 256 1 617 353 65 192 256 192 701 180 65 192 256 1 617 353 65 192 256 204 742 97 183 69 216 283 1 620 399 69
1 526 64 213 22 41 787 79 50 1015 551 52 226 1208 350 50 213 832 75 237 1 755 79 30 975 70 422 52 2 180 213 64 22 1 526 237 22 41 787 79 50 1015 551 52 226 1 520 79 1 338 235 291 157 306 64 2 306 13 2 180 22
81 613 74 252 33 518 64 97 21 31 81 53 67 35 83 243 87 122 85 171 467 711 778 153 538 636 342 523 120 4 12 67 167 12
8 73 44 359 297 419 397 116 73 419 254 45 47 273 31 137 47 419 254 419 397 90 84 397 254 18 47 110 330 96 12 359 47 381 281
234 1312 267 12 26 98 595 21 12 26 98 267 12 26 98 273 26 140 52 234 761 145 35 228 149 98 416 61 55 314 56 83 387 86 154 598 175 31 26 55 91 193 234 1042 111 97 52 175 175 175
248 234 1006 233 185 40 17 84 583 14 91 207 362 181 138 70 115 4 23 8 400 14 94 91 291 375 191 73 1 258 5 17 76 306 10 130 282 307 70 95 118 207 821 36 44 429 249 353 30 130 108 183 69 307 26 25 3 730
350 130 147 284 762 78 64 101 94 81 363 350 431 94 538 157 751 100
168 52 685 402 22 14 310 497 180 39 481 192 30 180 425 43 382 172 118 283 1203 43 396 69
11 76 1 58 106 8 38 1 58 186 17 18 41 352 34 11 76 41 352 34 11 76 41 352 34 11 76 1 58 46 38 1 58 186
91 501 89 5 334 1 388 20 14 161 172 336 43 358 51 89 107 3 1 322 51 5 403 72 43 141 107 89 51 5 403 16 5 477 7 118 683 107 54 51 54 452 54 409 183 91 501
2 136 10 38 2 136 10 38 2 136 10 38 2 136 8 38 2 136 8 38 2 136 8 38 2 136 8 38 2 244 37 23 2 244 37 23 2 244 37 23 2 244 37 23 2 244 8 38 2 244 8 38 2 244
12 2 267 26 12 2 267 12 26 2 259 21 12 1 112 26 12 1 112 26 12 1 112 12 26 1 320 18 47 2 330 8 31 2 330 8 31 2 173 35 31 2 173 35 31 2 173 31 35 2 330 8 31 1 99 8 31
18 140 57 233 47 140 57 26 170 17 140 57 174 18 140 26 82 26 140 12 201 824 670 7 936 834 489 203 543 196 62 154 366 45 121 201 7 268 196 62 121 366
94 14 256 194 216 88 13 749 166 679 14 30 120 685 114 352 17 18 2 305 77 9 17 18 471 95 378 94 14 256 194 216 88 13 749 166 679 14 30 120 685 114 352 17 18 2 305 77 9 17 18 471 95 378
14 43 190 331 43 190 870 72 18 122 549 1 547 14 30 94 331 30 94 592 204 30 94 179 144 13 49 88 656 399 49 88 378 707 1 450 42 13
24 99 537 237 19 24 246 19 246 19 1 366 85 33 7 161 7 431 152 20 7 89 7 204 88 16 7 51 7 350 14 88 78 7 165 7 204 88 100
269 205 19 24 21 159 24 21 86 24 21 86 20 19 24 21 159 24 21 86 24
2 69 2 69 189 69 68 9 192 11 321 11 551 69 382 582 40 2 142 11 68 69 102 62 204 11 65 69 60 382 382 382 2 173 2 69 2 69 189 69 65 69 2 69 2 69 2 69 2 173 2 69 2 69
4 1 56 27 4 1 56 27 4 1 56 27 4 1 56
47 178 276 215 93 26 98 48 515 70 26 620 31
6 427 332 593 1825 24 8 151 91 248 461 136 24 8 461
320 34 20 554 133 1172 219 524 473 21 1222 1014 524 219 473 1195 206 60 193 280 3432 14 101 88 554 133 280 620 554 375 18 317 621 1222 320 1241 473 470 524 59 1243 492 193 203 206 1861 473 296 524 524 470
115 4 23 8 400 14 94 91 291 375 191 73 1 258 5 17 76 306 10 130 282 307 70 95 118 207 821 36 44 429 249 353 30 130 108 183 69 307 26 25 3 730 103 207 214 766 439 69 403 39 234
151 128 849 405 44 97 151 128 849 405 713 193 967 18 69 11 1060 296 219 369 332 473 747 296 219 369 332 473 1509 301 695 543 213 543 531 20 5 18 199 20 5 18 159 3 31 19 3 31 2 471 95
112 86 426 24 59 106 109 708 2351 28 76 141 45 141 594 28 76 141 88 141 698 28 76 141 45 141 463 28 76 141 88 141 300 28 76 141 45 141 594 28 76 141 88 141 698
193 447 507 97 151 128 651 574 1 269 31 81 98 19 24 21 164 1243 126 42 14
78 23 23 567 81 73 119 78 23 37 104 151 447 407 733 384 124 104 104 177 81 38 119 384 55 173 177 81 510 1994 75 91 14 611 1 534 111 52 42 570 1 565 95 60 42 637 1 597 103 207 30
27 4 35 67 15 162 488 516 262 56 19 4 36 36 43 299 241 489 392 19 4 241 272 272 423 241 19 80 56 19 4 78 126 101 241 19 4 272 272 12 56 19 4 42 42 88
412 631 36 13 49 814 83 98 99 67 93 53 211 260 585 182 149 218 388 50 22 14 639 36 63 14 745 14 206
187 53 187 53 187 53 187 211 162 198 233 158 175 386 51 9 17 217 51 9 17 51 9 17 51 9 17 209 142 16 5 209 2 117 6 4 115 56 3 10 96 170
1 311 28 76 1 109 4 37 1 109 4 37 1 109 4 37 1 109 4 37 1 105 27 21 1 105 27 21 1 109 21 32 1 105
94 152 701 95 52 451 213 859 111 52 42 94 570 193 1184 42 13 30 45 570 52 91 45 87 69 102 69 1046 114 36 13 377 701 95 52 882 52 118
91 1 738 75 151 91 1 1278 212 361 1309 52 103 1 258 5 17 1 1436
25 25 31 31 31 31 31 31 31 3 3 3 61 25 2026 2026 2026 175 25 25 25 25 475 8 8 8
202 192 285 138 1 61 19 3 8 1 181 5 20 11 1 186 7 11 44 65 14 30 94 192 72 172 75 103 497 51 77 1 304 42 13 30 647 256 215 52 91 256 89 159 3 8 19 3 8 215
738 17 62 122 45 122 462 335 240 10 37 31 67 1 272 66 4 37 31 2 330 121 1 619 153 64 49 88 237 546 20 184 549 66 27 4 37 31 2 408 35 121 2
7 468 60 207 173 6 4 658 72 11 9 297 445 7 44 102 18 5 297 17 44 282 43 13 279 13 108 445 257 39 671 13 13 30 413 13 601 43 39 43 1000 40 5 17
86 19 159 86 1028 761 684 19 19 159 86 19 159 86
17 40 295 34 323 39 134 33 17 566 91 469 34 11 538 62 306 130 157 40 11 295 34 698 151 352 34 62 2 65 34 62 41 352 34 62 64 237 469 33 62 63 190 538 9 34 62 22 94 758 103 538 33 17
263 197 74 296 219 524 133 133 263 197 74 133 133 263 197
500 197 45 517 160 18 1289 708 3852 166 749 166 251 559 166 47 73 47 563 166 44 356 563 166 251 73 627 197 45 517 160 18 1538 647 332 88 111 97 52 396
561 7 561 706 561 561 706 11 561 561 706
435 405 525 169 268 523 127 713 447 1076 602 190 650
24 222 66 6 24 587 71 66 6 24 222 66 6 24 1 1504 748 347 414 212 1437 748 347 414 212 2473 177 29 40 5 164 1119 26 83 53 26 83 53 26 83 1 53 26 83 53 26 83 70 12 26 83 53 26 83 53
57 1 73 73 226 53 15 71 6 1037 494 22 82 99 8 23 359 11 44 404 75 113 110 382 249 150 173 362 975 8 35 55 137 8 75 401 69 35 213 249 173 82 233 192 233 182 23 32 3 71 1278 212 494 138 10 138 53 23 81 630
122 1 258 33 28 62 1 146 32 27 21 37 1 258 33 28 62 1 320 40 33 62 1476 414 380 524 1687 414 380 524 795 3032 22 331 152 382 110 123 313 113 261 339 411 1 439 226 396 171 113 261 185 275 440 457 308 1736 110 189 270 257 299 430 152 378
133 78 20 7 2 242 66 19 4 1 272 1 349 74 16 20 7 195 145 15 19 4 2 481 74 78 20 7 655 66 19 4 1 272 1 516 80 66 27 4 662 80 66 27 4 70 80
19 308 1845 80 15 27 12 4 41 816 80
4 133 280 360 133 470 219 524 473 1213 970 7 62 45 751 533 473 296 524 1490 719 377 369 377 735 878 97 206 554 295 280 360 295 1088 442 190 43 49 43 519 141 429 190 141 533 269
154 228 1 146 35 83 243 1 146 35 83 243 1 146 35 83 243 1 146 35 83 243 1 146 35 83 243 1
16 195 20 195 9 517 231 160 16 195 22 195 517 231 160 22 195 517 231 160 16 195 20 517 231 160 9 195 16 517 231 160 22
238 21 38 278 67 49 112 38 67 218 238 21 38 67 267 38 67 112 38 67 149 92 21 38 67 267 38 67 21 112 38 67 21 218 238 21 38 100 67 267 38 21 38 67 67 320 149 92 21 38 67 1 218 238 21
114 79 13 402 79 64 395 13 39 648 17 34 66 165 78 33 17 76 327 703 460 542 380 361 593 328 142 462 1277 75 151 206 288 823 78 33 17 76 187 924 64 401 511 94 237 283 130 108 102 265 64 130 108 326 177 165
38 647 470 347 266 244 38 136 38 244 38 244 38 244 38 1327 898 38 4 92 307 4 244 38 19 647 470 347 296 666 106 38 307 3 244 38 244 38 244 38 1542 522 4 92 38 167 38 244 38 647 470
382 45 320 18 1 196 11 45 41 533 18 122 41 382 45 41 396 122 41 525 47 41 525 47 2 127 47 41 382 45 41 382 45 320 1 196 11 41 533 18 41 382 45 41 396 122 41 525 148 178 2 127 284 521 333 472 739
137 154 26 5 137 26 154 30 84 55 154 13 61 55 26 154 20 181
72 120 182 46 53 310 82 186 89 114 72 72 194 68 51 50 54 72 371 102 167 131 48 170 87 371 102 72 131 182 46 429 194 256
7 62 242 20 7 62 133 74 20 7 62 242 80 20 7 62 41 531 199 120 36 63 14 43 816 95 143 60 118 630 280 590 337 126 63 14 101 1010 235 143 60 206 870 195 290 131 36 13 49 43 667 96 95 52 128 118 550 195 133 74 42
181 7 11 68 7 11 267 12 1 294 63
172 568 235 75 151 206 969 363 668 126 22 64 101 65 34 406 151 379 363 762 420 65 34 581 22 64 803 523 235 143 60 526 764 420 430 14 803 523 235 143 60 246 311 7 126 764 363 430 14 165 613 95 143 128 278 161 7
278 97 151 128 193 447 507 2 1088 470 542 1659 686 1023 1110 203 235 408 35 121 2 1249 470 542 573 372 319 1176 203 235 713 447 507 2 636 342 523 935 319 522 1 846 405 401 981 507 684 1 565 523 203 713 319 692
15 1 105 1 175 10 1 475 1 175 15 1 105 30 130 108 334 24 626 39 43 94 334 15 200 17 18 44 334 24 11 76 47 626 29 11 334 36 43 107 32 3 334 79 130 626 334 25 32 3 22
75 151 206 2 539 75 103 206 2 610 75 151 206 2 539 75 103 206 2 796 143 103 2 551 143 103 248 2 594 143 128 248 41 694 81 302 1 480 81 1 106 81 302 1 106 1 106 81 302 1 106 1 106 302 81 1 106 1 106 302
198 227 74 645 1 198 227 80 66 1 398 1 502 160 90 100 345 195 90 100 315 195 90 100 315 345 96 92 163
103 1017 187 32 3 10 105 3 10 41 815 36 22 39 1187 135 56 6 10 41 623 50 13 79 30 1186 3 8 41 871 214 40 17 5 17 1186 3 10 309 71 41 669 95 103 75 1270 41 866 36 13 39 1126 70
1 855 52 128 206 1 233 76 47 276 510 2515 95 52 128
283 36 49 285 5 28 707 3 16 605 95 278 528 534 15 283 42 30 382 5 20 364 5 11 1436 277 470 632 985 20 5 11 283 42 30 364 5 11 382 20 5 640 336 36 120 632 294 13 49 321 16 28 285 5 28 1046 184 16 254 5 326 49 36 321
89 117 205 45 85 845 471 319 118 133 51 133 69 116 40 133 319 11 166 440 40 242 573 207 217 179 51 65 102 226 118 65 365 17 138 451 30 297 334 317 61 164 1428 91 25 186 68
11 45 362 11 45 1 59 8 31 1 59 8 31 2 167 8 31 1 547 7 11 45
415 153 357 438 307 1 104 21 81 41 707
422 522 461 23 386 77 170 18 9 17 44 129 107 12 514 120 181 20 11 45
37 15 19 364 610 215 72 267 89 78 7 100 24 62 89 78 14 278 101 642 159 215 14 88 501 1228 219 42 49 88 318 278 235 97 713 702 89
5 155 70 158 25 32 3 8 53 158 8 1 61 3 32 10 3 2 107 3 10 1 61 6 10 1 61 6 10 56
53 12 25 25 8 444 8 25 175 25 31 31 1 175 25 25 25 475
455 326 126 42 1026 263 242 1 145 126 42 14 1026 655 526 63 241 80 1026 263 242 1 797 120 63 36 199 120 816 80 797 195 242 27 15 48 120 36 601 63 541
60 206 567 977 523 63 14 101 1205 4 37 143
485 5 17 76 321 17 76 485 54 17 76 321 17 76 195 348 5 17 76 321 17 76 202 343 5 17 76 321 17 76 179 448 9 17 18 352 17 18 305 65 17 18 305 54
11 44 138 24 8 2355 64 63 101 101 63 39
108 202 171 636 108 213 268 653 712 552 213 176 419 133 88 108 300 356 108 263 85 343
22 41 395 50 2 551 52 1 520 50 2 610 75 1 428 30 1 605 2 1254 361 308 3284 613 1402 1402 1402 2 517 342 1079 1079 1079 1 914
402 10 12 23 685 402 10 12 23 499 256 3 8 38 499 256 3 8 38 499 256 3 8 38 499 256 3 8 38 749 484 9 7
103 1218 168 75 151 568 823 165 9 34 209 1 328 9 34 209 1 1573 989 748 347 414 1503 703 401 111 168
22 64 417 6 3 2 117 6 3 10 2 68 20 5
1454 369 473 1754 31 35 1 196 45 85 69 110
43 365 365 94 339 18 257 108 23 18 365 94 339 43 257 108 365 94 113 43 257 44 108 365 44 339 43 44 26 257 365 226 339 152 257 94 576 576 152 451 44 339 226 44 576 152 451 94 339 226 576 152 169 94 339 57 85 226 576 85
1 181 20 5 11 45 2 68 20 5 11
37 67 1 149 24 28 76 237 260 24 408 92 24 28 76 438 92 24 1 483
20 7 215 14 101 430 43 14 430 43 14 541 189 20 7 80 215 14 101 430 43 14 430 43 14 541 189 20 7 80 215 14 101 430 43 14 430 43 14 541 189 20 7 80 215 14 101 430 43 14 430 43 14 541 189 20 7 80 215 14 101 430 43
26 55 154 376 52 91 193 234 407 684 1019 2 216 88 14 213 435
15 56 12 198 1 56 162 15 56 12 15 198 15 1 198 15 15 56 12 198 1 56 162 15 56 12 15 198 15 1 198 15 15 56 12 198 1 56 162 15 56 12 15 198 15 1 198 15 15 56
381 16 5 28 1 198 466 308 1797 74 16 33 398 2 65 297
1 105 135 32 3 175 19 1003 932 3 1 163 135 19 3 41 773 96 71 19 3 1 175 175 71 19 3 96 303 77 20 5 1112 273 344 292 40 33 549 303 29 20 5 273 327 265 78 9 464 109 162 25 4
563 120 679 50 499 22 685 36 531 22 484 14 639 13 609 20 41 735 5 202 20 195 9 305 16 202 20 263 29 563 120
76 237 260 24 408 92 24 28 76 438 92 24 1 483 78 34 62 122 335 81 66 24 1 147 37 24 66 1 119 81 66 24 1 119 81 66 24 1 132 24 37 44 246 24 37 122 165 270 34 62 148 184 222 27
208 287 227 287 150 554 208 662 227 221 293 227 221 287 224 287 293 224 584 478 293 581 287 293 1 579 150 464 227 1 208 227 208 221 227 1 579 150 464 247 418 208 221 1 579 150 464 92 1 208
64 39 776 52 151 103 1 400 114 36 592 77 16 1 559 351 310 194 1 428 13 64 39 776 52 151 103 1 559 351 310 194 925 489 434 325 1 400 114 36 649 214 95 1 304 36 22 14 566 95 75 60 1
387 1 176 243 228 387 1 176 243 228 387 1 176 243 228 387 1 176 243 228 387 1 176 243 228 387 1 176 243 228 387 1 176 243 228 387 1 176 243 228 387 1 176 243 228 387 1 176 243 228 387 1 176 243 228 387 1 176 243 228 387 1
30 108 199 531 113 69 45 47 351 169 225 216 88 152 231 481 341 88 263 216 88 108 351 725 193 234 263 263 481 69 45 330 231 84 196 11 44 342 123 169 357 43 108 371 723 259 73 326 30 88 647 860 1090 637 60 91 166 592 343 639 330 84 196 11
209 151 941 177 238 587 217 187 227 597 168 288 337 879 177 229 691 150 229 187 238 502 229 38 21 227 557 227 151 248 128 229 150 168 288 337 114 709 187 77 105 24 187 128 248 77 168 151 187 386 187 453 209 187 77 800