153 79 63 39 758 126 22 64 420 22 64 101 776 143 103 1218 153 79 64 402 126 22 64 39 783 103 168 248 953 22
1061 494 277 75 664 291 1063 494 277 75 664 291 391 50 79 13 701 111
45 242 201 7 62 412 74 89 7 62 45 455 80 453 34 28 45 150 427
9 7 179 68 9 7 324 1 163 16 9 17 144
142 9 17 18 432 1 476 114 22 39 43 2 142 16 9 17 305 65 16 77 17 305 142 9
325 499 50 42 49 283 42 49 155 353 97 60 325 348 72 20 499 19 54
52 9 11 1161 271 111 75 60 329 9 7 1115 342 837 325 111 97 52 180 6 4 186 5
21 379 1159 589 1 132 19 24 21 253 1 328 20 34
9 56 135 156 1693 800 513 494 414 919 460 214 168 52 2524 187 96 71 32 510
203 95 143 1 1115 342 97 52 278 97
1 298 16 9 17 305 65 16 77 17 305 142 9 16 17 305 142 16 17 305
41 566 52 22 770 1 597 95 75 52 2 354 97 60 1 597 95 75 52 814 55 99 55 330 55 99 55 41
162 80 15 27 1 1259 379 120 126 42 1621 241 80 1 398 162 15 80 15 27 797 199 36
52 128 273 816 273 273 1 56 3 21 1 163 1 175 50 42 14 348
296 427 369 1355 560 296 427 1343 560 414 380 1333 542 414 380 361 1408 542 296 427 369 1761 42 64 49
183 30 130 2 192 39 43 2 551 151 91 2 406 60 91 2 586 118
40 5 288 79 13 114 142 134 5 77 40 5 222 187 58 557 77
2 134 5 17 30 130 469 34 11 64 30 200 24 8 157 11 200 24
138 12 174 76 167 23 1 58 12 1 105 8 170 17
82 210 29 40 160 29 40 210 1512 768 600 768 600 768 288
10 38 23 1 287 24 37 38 2 202 34 11 76 334 1 264 10 37 23 6 10
366 44 307 26 73 81 1 104 26 366 44 440 226 234 628 129 628 47 129 1 346 47 129
148 370 122 309 130 190 226 804 305 309 101 57 483 408 264 346 412 453 91
8 38 577 36 22 17 497 10 170 9 17 485 79 22
597 95 75 52 814 55 99 55 330 55 99 55 41 256 22 52 726 42
30 73 23 281 47 284 148 173 81 8 81 281
112 112 38 67 1 112 188 146 104 48 21 31 2
16 371 153 36 13 144 184 16 100 16 5 273 279 262 92 15
194 501 54 167 194 50 42 13 595 63 14 36 14 566 97 60 325 374 42 13 252 501 54 159 194 50 42 49 595 63
14 43 2 336 14 43 2 290 13 103 118 391 14 402 245 43 283 108 39 30 130 331 152 291 30 39
189 189 189 189 189 189 189 102 102 102 141 141
876 560 377 891 600 891 30 204 69 515 207
5 229 5 156 115 424 114 106 24 327 34 102 17 418 101 187 101 135 71 428 79
142 134 5 77 40 5 222 187 498 71
9 16 17 305 142 16 9 17 305 142 9 17 18
74 89 7 62 437 1 509 205 20 5 28 52 128 193 500 197 159 5 28 45 500 197 89 5 28 500 197 89 5 28 45
95 52 252 896 454 896 1 304 3 351 167 267 70 42 13 18 241 263 173 70 19 19 158 1 344 16 5
28 42 64 49 88 754 74 14 101 20 60 128 206 193 481 74
37 1 327 11 76 1 327 11 76 1 327 11 76 65 17 62 1 338 39
39 81 281 47 284 148 244 23 24 23 328 44 78 44 216 23 30 23 281 47 284 148 173 81 8 81 61 26
325 256 42 14 194 499 50 42 49 202 183 42 49 155 353
707 403 118 52 128 442 354 283 43 245 372 319 43 36 783 492 257 396 18 372 319 342 203 523 7 27 354
205 92 19 3 627 197 100 20 5 1 398 162 80
174 20 17 551 151 91 1 106 32 8 1 826 91 95 775 406 151 235 1
16 9 180 13 79 13 1 135 15 6 1 617 111 75 2 51 17 5 17 180 22 14 2 142 16
168 52 1017 16 9 17 142 16 9 17 463
95 52 128 144 773 273 273 1 56 3 21 1 163 1
522 1082 257 851 235 42 377 969 472 270 252 886 171 126 120 456 85 2156
1228 37 354 607 357 190 396 408 239 28 594 33 190 49 354
502 131 25 6 4 8 107 107 3 21 12 1 262 96 86 376 50 19 3 8 136 46 48 8 26 48 23 93 48 514
608 36 42 13 30 202 1 833 36 13 30 735 1 436 29 9 5
2 65 7 11 2 65 7 11 41 352 17 11 1 186 7 11
28 18 8 283 43 49 669 342 43 16 764 463 354 378 122 349 127 44 47 197
1 287 208 269 1 529 1159 208 269 1 529 1159 208 269 208 287 218 386
305 65 16 77 17 305 142 9 16 17 305 142 16 9 17 305 133 29 9 7 179 65 7 74 29 179 242
75 103 229 71 6 310 114 22 39 43 25 1161 271 111 75 60 310 114 22 39 43 25 1243 120 126 42 14 528
1 312 40 34 117 1 476 36 22 39 179 222 56 6 8 2 587 40 5 142 418 32 3 1 132 6
2 418 10 38 23 2 485 39 130 94 510 2225 10 37 58 10 37 58 10 37 58 10 37 106 10 37 106 10
13 329 7 9 117 4 6 597 235 151 75 17 78 9 460 138 24 54 9 65 78
289 249 724 223 29 9 7 552 356 294 13 49 191 812 194
37 106 10 37 106 10 37 106 10 37 106 10 37 106
434 12 23 75 103 118 182 23 127 47 606 23 305 45 47 6 10 12 240 21 38 389 11
88 152 203 30 88 152 481 351 72 11 45 7 11 45 263
32 198 15 287 66 344 78 9 34 28 568 689 66 6 24 21 260 66
650 72 127 189 72 89 663 141 189 141 127 189 141 157 161 33 72 189 72 127
107 67 1 56 28 122 594 49 190 479 336 571 49 161 78 260 49 190 165 463 203 19
163 80 71 25 56 19 6 32 3 27 4 24 10
38 23 2 418 10 38 23 2 581 10 38 23 1 287 24 37 38 2 202 34 11 76 334 1 264 10 37 23 2 432
11 1 233 18 47 2 102 18 47 2 65 129 1 191 45 47 1 191 45 47 1 233 18 44 282 43 94 2 179 144
1080 22 318 245 256 1097 601 1262 517 195 517 1005 16 1 398 1 797 1 617
190 43 227 227 74 36 745 354 146 12 35 182 67 35 169 18 122 169 18 122 89 203 203 610 452 356 14 101
112 119 93 59 37 109 59 104 112 119 327 28 45 2 244 21 31 106 112 31 106 37 31 1 119 147 93
1 201 5 11 2 89 5 11 41 364 11 11 1 233 18 47 2 102 18 47 2 65
18 1143 207 257 183 87 1143 128 207 257
172 344 180 373 72 59 181 845 14 373 181 354 326 141 537 54
86 180 48 46 211 54 46 84 92 429 108
17 62 1 311 17 62 1 109 10 37 1
9 17 142 16 9 17 406 60 91 118 830 7 11 18 51 40 5 17 51 40 5 17 179 29 40 5
62 2 240 4 37 109 109 109 4 37 1 109 109 4 37 109 1 109 21 38 2 240 21 38 109 112 109
587 309 40 5 17 587 142 16 9 17 305
91 395 64 395 64 295 367 855 9 34 62 101 94 610 583 826 207 173 23 102 62 382 44 165 287 1504
39 101 530 17 62 1 311 17 62 1 109 10 37 1 311 17 62 1 109 10 37 2 240 10 37 1 327 11 76 1 327 11
23 1 264 10 37 23 2 418 10 38 23 2 418 10 38 23 2 581 10 38 23 1 287 24 37 38 2 202
4 12 182 289 408 182 35 276 289 408 610 4 37 742 408 330 874 123 1228 4 67 276 93 408 290 16 85
7 272 328 20 7 516 1102 254 100 33 28 2 1645 381 109 21 67 109 21 67 315 149
464 27 10 37 2 464 27 10 37 2 464 24 8 38 2 464 24 8
16 5 51 9 18 44 16 9 2027 768 593 768
5 210 1512 768 545 768 545 768 199 1512 361 1512 210 16 9 18 44 16 9 82 210
430 39 134 33 17 539 75 151 126 22 64 610 282 192 64 101 796 323 138 78 9 34 109 186 40 33 17 1348 560
460 168 424 338 326 73 84 139 236 327 171 207 401 34 428 439 236 30 419 458 139 605 118 226 223 39 32 186 174 383 251
55 99 55 2 180 22 52 726 42 1 597 95 75 52 814 55 99 55 330 55 99
216 183 652 11 1288 193 216 183 123 11 869 332 110 207 216 183 69 472 193 216
42 493 50 860 36 291 14 378 22 14 245 291 14 291 14 245 291
789 175 86 303 159 3 8 502 131 36 13 49 550 136 21 12 502 144 170 5 28 1 789 194 42
96 71 15 6 58 174 120 50 120 50
101 20 14 610 215 362 45 215 204 189 1228 37 354
502 131 29 9 7 11 107 56 3 21 1 262 96 1 376 50 5 11 136 136
3 10 12 2 441 168 52 103 118 968 79 13 39 43 1177 324
51 33 100 16 33 260 238 820 92 15 27 1378 371 100 16 371 100 16 5
120 50 120 50 42 13 89 89 65 192 199 50 166 120 50 36 461 162