225 532 340 343 385 166 171 232 443 96 310 222 15 117
144 215 144 3 54 30 325 144 5 215 13 28
527 436 297 297 368 297 297 2 445 255 255 250 255 255 635 540 540 587 540 540 2 678 527 527 498 527 527 840 672 672
284 232 225 578 798 610 956 33 157 586 791 225 1264 494 406 102 189 657 456 225 232 123 599 353 147 26 792 65 54 157
219 864 1181 1615 13 30 88 155 29 89 54
881 325 622 60 52 43 493 378 223 811 60
24 1 82 1 221 40 34 11 295 200
1265 1654 458 26 98 140 96 388 550 1 48 21 12 26 381 273 3 48 21 38 35 279 724 357 108 13 130 349 550 259
972 841 1022 1200 370 716 977 459 803 803 870 977 977 810 360 584 315 972 972 972 550 487
105 24 8 2 65 62 34 62 1 58 1 58 24 37 1 174 17 134 54 17 200 1 709 40
108 415 131 558 43 340 292 492 193 319 194 609 340 118 234 199 330 521 225 349 451 43 190 199
104 249 155 307 23 265 119 674 155 370 202 305 578 155 370 340 155 438 98 265 147 552 155 370 202 69 90 189 155 370
313 16 20 5 28 167 16 20 7 11 112 46 160
90 315 160 90 257 299 254 90 455 80 218 92 303 29 345 15 269 19 191 18 47 110
81 119 23 81 621 94 237 785 23 81 119 23 81 119 23 81 621 94 237 260 119 23 81 542 119 23
79 1240 800 497 40 142 40 497 40 625 32 135 32 424 79 919 460 497 40 142 40 497 40 497 40 718 217 323 79 1240 800
87 160 189 87 77 16 1 191 155 1 191 77 29 1 191 197 141 69 77 29 1 73 116 1 104 90 1 53 177 1
250 436 445 250 840 867 675 840 867 675 635 678 498 635 678 498 608 626 475 608 626 475 436 445 250 436 445 250
192 432 1588 74 79 63 541 133 40 33
73 266 310 73 77 16 9 23 73 385 73 77 16 9 23 73 194 73 74 29 9 23 491 385 133 29 9 458 768 118 194
130 94 612 385 395 22 14 101 385 723 395 22 14 30 351
723 395 22 14 30 351 602 310 420 22 499 420 22 774 420 22 39 331 310 245 22 64 283
205 96 2 437 96 1 175 1 269 96
264 298 432 221 135 105 264 264 298 214 432
113 127 87 356 647 513 296 341 477 8
674 436 116 258 157 102 803 523 217 77
33 49 189 33 72 40 190 72 40 69 34 94 69 34 157 9 22 157 9 69 34 75 69 34 157 9 157 9
17 216 94 152 213 155 90 29 142 9 17 222 6 10 135 6 10 191 45 77 9 17 515 416 20 5 21 394 4 521
486 9 572 17 893 11 1158 43 889 261 232
320 178 468 160 1 191 110 254 90 1 211 171 292 100 1 289 268 155 29 307 289 217 77 652 211 171
69 505 185 148 232 384 69 177 185 148 110 384 185 148 110 384 185 129 69 177 69 76
579 177 104 124 792 676 355 150 367 150 579 177 453 177 596 150
578 231 197 455 205 412 197 677 231 197 455 205 412
48 10 1 156 9 34 179 138 24 8 1 156 1 135 9 17 62 142 138 1 135 6 10 37 1 208 40 5 17 309 200
5 28 54 28 5 28 54 5 51 33 16 33 89 5 20 5 161 7 33 7 72 18 7 18
160 1 298 16 1 322 87 142 16 102 182 160 1 298 16 1 322 87 142
92 15 227 73 67 198 1075 676 1013 253 73 4 115 150 132 66 106 6 109 6 24 58 21 66 6 150
497 40 718 217 323 79 1240 800 497 40 142 40 497 40 625 32 135 32 424 79 919 460 497 40 142 40 497 40 497 40 718
199 131 256 13 14 371 199 131 245 13 39 371 199 131 402 36 13 371 199 131 245 13 14 371 199 131 1005 199 51 5 17 323
106 21 743 459 370 360 370 603 292 360 239 100 113 224 440 265 295 431 78 295 453 185 209 113 177 239 209 113 217 185 116 189
355 355 635 540 540 587 540 540 2 678 527 527 498 527 527 635 540 540 587 540
54 76 665 462 44 504 195 174 18 635 192 14 30 297 116 445 312 406 60 385
148 270 384 1 327 177 141 505 650 384 295 515 384 53 26 121 429 47 270 254 378 47 178 90 257 47
1533 162 96 198 96 349 90 2388 160 74 345 80 349 74 195 74 345 80 349 74 345 80 198 80 349 74 973
80 66 1 112 27 621 237 423 27 4 112 4 27 66 244 80 717 152 666 227 221 80 246
29 334 25 175 25 303 29 216 213 155
45 468 160 72 468 160 72 44 468 160 54 45 468 160 72 504 155 102 47 504 155 72
344 381 135 317 997 273 997 163 174 838 58 254 311 1378 174 51 1102 328 381
217 65 34 11 297 251 327 255 156 186 34 44 155 157 11 297 113 436 46 327 116 157 44 155 65 34 11 297 251 327
379 138 24 338 64 253 287 287 58 24 379 106 37 58 24 763 128 248 238 218 218 557 153 799 206 372 227
197 127 116 123 155 451 297 202 169 90 123 197 169 116 87 155 451 297 202 169 90 123
618 115 229 236 394 115 316 139 229 115 274 264 115 236 390 115 99 137 229 115
76 76 148 110 134 34 11 76 148 110
488 227 516 227 662 224 584 224 731 227 516 227 662
593 1162 150 926 401 770 64 130 622 151 206 1484 361 524 1464 227 1107 523 899 63 101 776 143
394 274 160 16 394 188 155 29 394 99 84 99 155 29 394 99 155 29 394 394 231 74 394
50 155 29 443 29 262 303 189 34 9 78 62 78 217 77 114 22 335 24 6 66 37 66
150 614 457 384 177 596 150 367 150 579 177 431 423 384 177 596
123 85 217 239 85 171 231 571 152 299 160 517 195 232 171 313 254
9 728 118 103 52 348 50 155 29 443 29 262
94 639 182 46 349 28 144 11 290 18 127 179 44 144 45 290 44 87
15 419 268 569 16 20 7 11 127 47
54 11 127 85 231 1 289 85 292 127 85 303 289 47 127 47 265 127 85 197 87 47 160 87 44 182
115 229 69 115 87 115 54 115 229 127 115 113 115 229 123 115 229 232 115 333 115 229 324 1
476 9 34 62 142 138 70 6 24 37 1 635 5 62 309 200 187 1 48 1 926 40
75 223 446 13 413 612 278 223 446 413
1 436 9 34 11 179 138 1190 1 46
483 508 221 629 646 522 162 293 80 107 27 852 299 900 27 4 56 66 242
250 516 262 175 608 624 475 250 516 262 175 673 103 504 678 475 250 516 262 175 608 678 475 428 30 255 516 262 175 673 103 297
20 5 21 394 4 521 693 28 263 197 74
475 444 444 436 297 297 44 445 255 255 250 255 255 436 297 297 261 445 255 255 250 255 255 840
349 74 1183 160 90 345 96 349 90 677 160
499 420 22 774 420 22 39 331 310 245 22 64 283 235 395 13
339 30 148 113 356 49 47 680 127 356 49 47 127 356 49 47 127 356 49 47 127 603 130 178 748 284 603
45 110 1 174 1 298 72 87 44 171 472 333 72 225 74 54 69 45 232
626 475 436 368 2 445 250 579 453 2 596 367 635 587 2 678
114 36 129 615 170 17 5 125 615 70 16 5 17 131 153 36 125 615 170 5
72 468 160 72 44 468 160 54 45 468 160 72 504 155
34 141 654 567 1022 62 716 98 53 26
871 462 51 1242 288 114 402 425 402 321 460 214 54 54 282 644 538 165 363 703 460 329 165 353 425 546
14 405 203 235 1210 88 533 18 204 101 405 203 235
707 53 326 30 88 194 291 14 43 199 490
169 5 225 14 87 113 333 127 85 29 9 5 113 123 16 7 169 5 169 14 87 339 329 9 5 1 211 47 16 7
217 119 23 579 134 5 209 134 5 217 200 3 265 186 34 264
43 2 518 64 30 130 2 365 164 1124 214 168 52 1 727 214 168 52 1 856 111 168 151 1 743 151 168 1
6 616 316 25 32 480 140 156 32 480 695 813 6 156 96 6 576 767 25 6 107 6 603
540 540 2 678 527 527 498 527 527 436 297 297 44 445 255 255 250 255 255 436 297 297 261
11 22 167 8 304 72 18 72 11 9 167 8 25 1 61 196 18 20 486 7 11 22 167 8 304 825 7
2 645 2 645 2 645 2 107 27 4 388 36 63 14 630 107 24 143 59 349 36 39 816 170 4 10 496 160 49 36
64 415 293 132 293 105 293 346 238 33 292 293 104 66 27 292 293 258 220
174 838 58 254 311 1378 174 51 1102 328 381 61 298 997 273
66 27 292 293 258 139 491 238 64 415 293
338 94 379 785 253 73 146 253 941 447 415 1084 506
518 64 155 116 202 116 1242 265 224 370 224 370 224 370 224 370 224 370 224 370
77 40 5 402 134 5 142 40 5 485 142 200 142 5 485 222 142 40 5 418
540 540 2 678 527 527 498 527 527 635 540 540 587 540 540 2 678 527 527 498 527 527 436 297 297 368 297 297
36 192 39 43 352 644 223 111 395 13 30 41 690
297 116 141 47 178 371 131 521 137 188 46 55 99 82 23 57 229 71 196 241 80 386 77 72 85 847 231 54 47 504 155 500
186 229 126 310 156 258 71 156 328 71 156 428 187 288 135 105 135 105 135
14 256 79 22 14 434 832 75 103 925 420 22 39 420 22 39 803 566 168 143 103 925 256 79 22 14 420 22 39 310